# 2D brain simulation: Stokes pressure variance in radial direction as a function of fluid path width
#
# --- Brain parameters (fixed) --- #
# lc = 1.000000e-03 
# arcLen = 0.100000 m
# r_brain = 0.010000 m
# d_ratio = NaN
# r_curv = 0.050000 m
# inner_perturb = (x,z) -> 0.3e-3 * cos(pi * abs(x) / 2e-3) 
# outer_perturb = (x,z) -> 0.0 
# BS_points = 1000
# field_Lc_lim = (0.500000, 1.000000) 
# field_Dist_lim = (0.001000, 0.005000) m 
#
# --- PDE parameters (fixed=) --- #
# μ = 8.000000e-04 Pa*s
# Κ = 1.000000e-16 m^2
# α = (x) -> 1*μ/sqrt(Κ)
# ps0 = (x) -> x[1] < 0 ? 1*133.3224 : 0.
# ∇pd0 = (x) -> VectorValue(0.0, 0.0)
#
# --- Sampling --- #
# num_samples = 10
# num_rad_lines = 100
# width = [5.000e-03, 4.556e-03, 4.111e-03, 3.667e-03, 3.222e-03, 2.778e-03, 2.333e-03, 1.889e-03, 1.444e-03, 1.000e-03]
#
# --- Data --- #
mean_pos_x, mean_pos_y, rad_len, variance
-3.957664e-02, 2.653307e-02, 4.604379e-03, 4.777383e-07
-3.896362e-02, 2.725563e-02, 4.799345e-03, 1.700288e-05
-3.827007e-02, 2.791513e-02, 5.161349e-03, 3.431190e-06
-3.773837e-02, 2.868913e-02, 5.089641e-03, 1.107344e-05
-3.731438e-02, 2.955070e-02, 4.703221e-03, 1.056711e-05
-3.674503e-02, 3.030280e-02, 4.643359e-03, 5.560388e-06
-3.599894e-02, 3.090522e-02, 5.009395e-03, 1.721067e-05
-3.531115e-02, 3.155051e-02, 5.193889e-03, 6.677063e-07
-3.479054e-02, 3.234674e-02, 4.890670e-03, 2.219791e-05
-3.424664e-02, 3.312930e-02, 4.602934e-03, 2.621152e-07
-3.351161e-02, 3.372811e-02, 4.808183e-03, 2.042757e-05
-3.271370e-02, 3.425574e-02, 5.165803e-03, 4.117310e-06
-3.205723e-02, 3.492753e-02, 5.082320e-03, 1.363831e-05
-3.148703e-02, 3.570020e-02, 4.696274e-03, 1.438582e-05
-3.078947e-02, 3.633496e-02, 4.648314e-03, 7.829576e-06
-2.994729e-02, 3.679412e-02, 5.018030e-03, 2.041852e-05
-2.915934e-02, 3.731139e-02, 5.191874e-03, 1.110517e-06
-2.850800e-02, 3.800566e-02, 4.881349e-03, 2.794112e-05
-2.783152e-02, 3.867615e-02, 4.601776e-03, 1.328469e-07
-2.699910e-02, 3.913103e-02, 4.817109e-03, 2.830123e-05
-2.612168e-02, 3.951077e-02, 5.170001e-03, 4.735372e-06
-2.535967e-02, 4.006046e-02, 5.074822e-03, 1.753008e-05
-2.466128e-02, 4.071953e-02, 4.689524e-03, 1.762661e-05
-2.385919e-02, 4.121544e-02, 4.653513e-03, 1.215874e-05
-2.294819e-02, 4.151655e-02, 5.026551e-03, 2.450818e-05
-2.208362e-02, 4.189069e-02, 5.189576e-03, 1.828785e-06
-2.132107e-02, 4.246163e-02, 4.872046e-03, 3.524878e-05
-2.053454e-02, 4.299781e-02, 4.600907e-03, 4.582011e-08
-1.963262e-02, 4.329343e-02, 4.826116e-03, 3.710761e-05
-1.870286e-02, 4.351390e-02, 5.173937e-03, 5.427022e-06
-1.785770e-02, 4.392516e-02, 5.067156e-03, 2.307849e-05
-1.705325e-02, 4.444949e-02, 4.682977e-03, 2.663166e-05
-1.617386e-02, 4.478974e-02, 4.658951e-03, 1.620953e-05
-1.522348e-02, 4.492316e-02, 5.034949e-03, 2.979843e-05
-1.430802e-02, 4.514331e-02, 5.186997e-03, 2.898340e-06
-1.345726e-02, 4.557325e-02, 4.862770e-03, 4.550603e-05
-1.258690e-02, 4.595734e-02, 4.600326e-03, 6.281801e-08
-1.164567e-02, 4.608370e-02, 4.835195e-03, 4.728753e-05
-1.069225e-02, 4.613847e-02, 5.177608e-03, 5.859511e-06
-9.788787e-03, 4.639901e-02, 5.059327e-03, 3.125088e-05
-8.903919e-03, 4.677170e-02, 4.676641e-03, 3.133739e-05
-7.977068e-03, 4.694476e-02, 4.664622e-03, 2.736992e-05
-7.017955e-03, 4.690630e-02, 5.043216e-03, 3.747828e-05
-6.078758e-03, 4.696618e-02, 5.184141e-03, 5.151085e-06
-5.165572e-03, 4.724166e-02, 4.853531e-03, 6.390564e-05
-4.240421e-03, 4.746093e-02, 4.600036e-03, 2.500675e-07
-3.291372e-03, 4.741373e-02, 4.844336e-03, 6.405033e-05
-2.343572e-03, 4.730147e-02, 5.181011e-03, 7.074122e-06
-1.408436e-03, 4.740341e-02, 5.051345e-03, 4.470014e-05
-4.714254e-04, 4.761241e-02, 4.670520e-03, 3.835422e-05
4.714254e-04, 4.761241e-02, 4.670520e-03, 4.045669e-05
1.408436e-03, 4.740341e-02, 5.051345e-03, 5.140083e-05
2.343572e-03, 4.730147e-02, 5.181011e-03, 9.585504e-06
3.291372e-03, 4.741373e-02, 4.844336e-03, 9.029259e-05
4.240421e-03, 4.746093e-02, 4.600036e-03, 1.011534e-06
5.165572e-03, 4.724166e-02, 4.853531e-03, 9.903021e-05
6.078758e-03, 4.696618e-02, 5.184141e-03, 8.254765e-06
7.017955e-03, 4.690630e-02, 5.043216e-03, 6.712721e-05
7.977068e-03, 4.694476e-02, 4.664622e-03, 5.160035e-05
8.903919e-03, 4.677170e-02, 4.676641e-03, 6.314117e-05
9.788787e-03, 4.639901e-02, 5.059327e-03, 7.484077e-05
1.069225e-02, 4.613847e-02, 5.177608e-03, 1.494451e-05
1.164567e-02, 4.608370e-02, 4.835195e-03, 1.345753e-04
1.258690e-02, 4.595734e-02, 4.600326e-03, 1.061095e-06
1.345726e-02, 4.557325e-02, 4.862770e-03, 1.583961e-04
1.430802e-02, 4.514331e-02, 5.186997e-03, 1.178197e-05
1.522348e-02, 4.492316e-02, 5.034949e-03, 1.127252e-04
1.617386e-02, 4.478974e-02, 4.658951e-03, 7.940954e-05
1.705325e-02, 4.444949e-02, 4.682977e-03, 1.117585e-04
1.785770e-02, 4.392516e-02, 5.067156e-03, 1.174886e-04
1.870286e-02, 4.351390e-02, 5.173937e-03, 2.679989e-05
1.963262e-02, 4.329343e-02, 4.826116e-03, 2.209751e-04
2.053454e-02, 4.299781e-02, 4.600907e-03, 2.524797e-07
2.132107e-02, 4.246163e-02, 4.872046e-03, 2.743939e-04
2.208362e-02, 4.189069e-02, 5.189576e-03, 1.595536e-05
2.294819e-02, 4.151655e-02, 5.026551e-03, 2.167848e-04
2.385919e-02, 4.121544e-02, 4.653513e-03, 1.263432e-04
2.466128e-02, 4.071953e-02, 4.689524e-03, 2.112034e-04
2.535967e-02, 4.006046e-02, 5.074822e-03, 2.249558e-04
2.612168e-02, 3.951077e-02, 5.170001e-03, 6.844230e-05
2.699910e-02, 3.913103e-02, 4.817109e-03, 4.467544e-04
2.783152e-02, 3.867615e-02, 4.601776e-03, 3.272141e-06
2.850800e-02, 3.800566e-02, 4.881349e-03, 6.403993e-04
2.915934e-02, 3.731139e-02, 5.191874e-03, 2.769670e-05
2.994729e-02, 3.679412e-02, 5.018030e-03, 5.383611e-04
3.078947e-02, 3.633496e-02, 4.648314e-03, 2.862792e-04
3.148703e-02, 3.570020e-02, 4.696274e-03, 5.515084e-04
3.205723e-02, 3.492753e-02, 5.082320e-03, 6.077247e-04
3.271370e-02, 3.425574e-02, 5.165803e-03, 2.243071e-04
3.351161e-02, 3.372811e-02, 4.808183e-03, 1.310639e-03
3.424664e-02, 3.312930e-02, 4.602934e-03, 2.073712e-05
3.479054e-02, 3.234674e-02, 4.890670e-03, 2.563687e-03
3.531115e-02, 3.155051e-02, 5.193889e-03, 9.303872e-05
3.599894e-02, 3.090522e-02, 5.009395e-03, 2.827993e-03
3.674503e-02, 3.030280e-02, 4.643359e-03, 1.326273e-03
3.731438e-02, 2.955070e-02, 4.703221e-03, 4.033177e-03
3.773837e-02, 2.868913e-02, 5.089641e-03, 6.937816e-03
3.827007e-02, 2.791513e-02, 5.161349e-03, 3.194638e-03
3.896362e-02, 2.725563e-02, 4.799345e-03, 3.027271e-02
3.957664e-02, 2.653307e-02, 4.604379e-03, 5.410061e-03
-3.972017e-02, 2.662929e-02, 4.267666e-03, 1.068874e-05
-3.920874e-02, 2.742709e-02, 4.209975e-03, 6.680386e-06
-3.850789e-02, 2.808860e-02, 4.581521e-03, 1.274969e-05
-3.787488e-02, 2.879290e-02, 4.755583e-03, 9.925719e-07
-3.742160e-02, 2.963562e-02, 4.438556e-03, 1.928488e-05
-3.693291e-02, 3.045774e-02, 4.165197e-03, 7.697928e-07
-3.623479e-02, 3.110770e-02, 4.396606e-03, 2.064608e-05
-3.548279e-02, 3.170386e-02, 4.742444e-03, 2.276666e-06
-3.489315e-02, 3.244214e-02, 4.619356e-03, 1.227893e-05
-3.438207e-02, 3.326031e-02, 4.234965e-03, 1.087828e-05
-3.371580e-02, 3.393363e-02, 4.237658e-03, 1.134318e-05
-3.290425e-02, 3.445527e-02, 4.622892e-03, 1.283823e-05
-3.217568e-02, 3.505659e-02, 4.740859e-03, 2.719795e-06
-3.159041e-02, 3.581742e-02, 4.392572e-03, 2.201654e-05
-3.094841e-02, 3.652252e-02, 4.165519e-03, 1.505646e-07
-3.013168e-02, 3.702068e-02, 4.442690e-03, 2.464288e-05
-2.929611e-02, 3.748639e-02, 4.756556e-03, 1.072485e-06
-2.860177e-02, 3.813067e-02, 4.577691e-03, 1.789620e-05
-2.794917e-02, 3.883965e-02, 4.207803e-03, 9.664417e-06
-2.715675e-02, 3.935951e-02, 4.270815e-03, 1.819236e-05
-2.626464e-02, 3.972701e-02, 4.660439e-03, 1.225214e-05
-2.545709e-02, 4.021434e-02, 4.719461e-03, 6.137964e-06
-2.475196e-02, 4.086926e-02, 4.348324e-03, 2.766013e-05
-2.398177e-02, 4.142719e-02, 4.173057e-03, 1.853687e-06
-2.308029e-02, 4.175554e-02, 4.489300e-03, 2.891888e-05
-2.218501e-02, 4.208303e-02, 4.763617e-03, 1.384623e-07
-2.139907e-02, 4.261697e-02, 4.533293e-03, 2.706069e-05
-2.062568e-02, 4.318865e-02, 4.186836e-03, 6.782155e-06
-1.974132e-02, 4.353311e-02, 4.308646e-03, 2.783566e-05
-1.879952e-02, 4.373880e-02, 4.693255e-03, 1.122773e-05
-1.793003e-02, 4.410309e-02, 4.691908e-03, 1.175224e-05
-1.712220e-02, 4.462921e-02, 4.306878e-03, 2.968690e-05
-1.625541e-02, 4.501557e-02, 4.187629e-03, 9.163755e-06
-1.530509e-02, 4.516397e-02, 4.535310e-03, 3.425149e-05
-1.437334e-02, 4.534942e-02, 4.763456e-03, 2.561601e-07
-1.351169e-02, 4.575759e-02, 4.487233e-03, 3.823072e-05
-1.264457e-02, 4.616791e-02, 4.172571e-03, 6.994518e-07
-1.170617e-02, 4.632310e-02, 4.350238e-03, 4.099268e-05
-1.074484e-02, 4.636543e-02, 4.720547e-03, 9.532883e-06
-9.831037e-03, 4.659928e-02, 4.658865e-03, 2.137597e-05
-8.942844e-03, 4.697618e-02, 4.269236e-03, 3.185055e-05
-8.015986e-03, 4.717379e-02, 4.208883e-03, 1.854994e-05
-7.052913e-03, 4.713994e-02, 4.579609e-03, 3.835825e-05
-6.106801e-03, 4.718285e-02, 4.756077e-03, 2.688081e-06
-5.188495e-03, 4.745131e-02, 4.440622e-03, 5.576738e-05
-4.260158e-03, 4.768183e-02, 4.165351e-03, 2.171761e-06
-3.307252e-03, 4.764250e-02, 4.394587e-03, 6.060461e-05
-2.354662e-03, 4.752532e-02, 4.741658e-03, 7.708904e-06
-1.414957e-03, 4.762286e-02, 4.621128e-03, 3.721780e-05
-4.736189e-04, 4.783395e-02, 4.236306e-03, 3.457114e-05
4.736189e-04, 4.783395e-02, 4.236306e-03, 3.640303e-05
1.414957e-03, 4.762286e-02, 4.621128e-03, 4.363417e-05
2.354662e-03, 4.752532e-02, 4.741658e-03, 9.110920e-06
3.307252e-03, 4.764250e-02, 4.394587e-03, 7.899024e-05
4.260158e-03, 4.768183e-02, 4.165351e-03, 7.639157e-07
5.188495e-03, 4.745131e-02, 4.440622e-03, 8.443930e-05
6.106801e-03, 4.718285e-02, 4.756077e-03, 4.027164e-06
7.052913e-03, 4.713994e-02, 4.579609e-03, 6.766967e-05
8.015986e-03, 4.717379e-02, 4.208883e-03, 3.654612e-05
8.942844e-03, 4.697618e-02, 4.269236e-03, 7.011140e-05
9.831037e-03, 4.659928e-02, 4.658865e-03, 4.977153e-05
1.074484e-02, 4.636543e-02, 4.720547e-03, 2.421207e-05
1.170617e-02, 4.632310e-02, 4.350238e-03, 1.059711e-04
1.264457e-02, 4.616791e-02, 4.172571e-03, 1.128444e-05
1.351169e-02, 4.575759e-02, 4.487233e-03, 1.300311e-04
1.437334e-02, 4.534942e-02, 4.763456e-03, 8.089068e-07
1.530509e-02, 4.516397e-02, 4.535310e-03, 1.271680e-04
1.625541e-02, 4.501557e-02, 4.187629e-03, 3.594196e-05
1.712220e-02, 4.462921e-02, 4.306878e-03, 1.382187e-04
1.793003e-02, 4.410309e-02, 4.691908e-03, 6.072422e-05
1.879952e-02, 4.373880e-02, 4.693255e-03, 6.210268e-05
1.974132e-02, 4.353311e-02, 4.308646e-03, 1.611531e-04
2.062568e-02, 4.318865e-02, 4.186836e-03, 5.254067e-05
2.139907e-02, 4.261697e-02, 4.533293e-03, 2.058258e-04
2.218501e-02, 4.208303e-02, 4.763617e-03, 1.229688e-06
2.308029e-02, 4.175554e-02, 4.489300e-03, 2.612141e-04
2.398177e-02, 4.142719e-02, 4.173057e-03, 3.769027e-05
2.475196e-02, 4.086926e-02, 4.348324e-03, 3.042632e-04
2.545709e-02, 4.021434e-02, 4.719461e-03, 7.880186e-05
2.626464e-02, 3.972701e-02, 4.660439e-03, 1.735714e-04
2.715675e-02, 3.935951e-02, 4.270815e-03, 2.879245e-04
2.794917e-02, 3.883965e-02, 4.207803e-03, 1.753708e-04
2.860177e-02, 3.813067e-02, 4.577691e-03, 4.056026e-04
2.929611e-02, 3.748639e-02, 4.756556e-03, 2.853780e-05
3.013168e-02, 3.702068e-02, 4.442690e-03, 6.742159e-04
3.094841e-02, 3.652252e-02, 4.165519e-03, 2.817086e-05
3.159041e-02, 3.581742e-02, 4.392572e-03, 9.262716e-04
3.217568e-02, 3.505659e-02, 4.740859e-03, 1.325447e-04
3.290425e-02, 3.445527e-02, 4.622892e-03, 6.670155e-04
3.371580e-02, 3.393363e-02, 4.237658e-03, 7.266025e-04
3.438207e-02, 3.326031e-02, 4.234965e-03, 9.098435e-04
3.489315e-02, 3.244214e-02, 4.619356e-03, 1.343113e-03
3.548279e-02, 3.170386e-02, 4.742444e-03, 3.048694e-04
3.623479e-02, 3.110770e-02, 4.396606e-03, 3.280760e-03
3.693291e-02, 3.045774e-02, 4.165197e-03, 4.348364e-05
3.742160e-02, 2.963562e-02, 4.438556e-03, 7.671473e-03
3.787488e-02, 2.879290e-02, 4.755583e-03, 6.397137e-04
3.850789e-02, 2.808860e-02, 4.581521e-03, 1.112083e-02
3.920874e-02, 2.742709e-02, 4.209975e-03, 1.294632e-02
3.972017e-02, 2.662929e-02, 4.267666e-03, 1.368377e-01
-3.982690e-02, 2.670085e-02, 4.019559e-03, 1.416671e-05
-3.940871e-02, 2.756698e-02, 3.730779e-03, 1.074896e-07
-3.876537e-02, 2.827642e-02, 3.952997e-03, 1.469182e-05
-3.805765e-02, 2.893185e-02, 4.305303e-03, 1.704613e-06
-3.752494e-02, 2.971746e-02, 4.183800e-03, 1.045215e-05
-3.707846e-02, 3.057778e-02, 3.796760e-03, 5.817025e-06
-3.646161e-02, 3.130242e-02, 3.807618e-03, 6.374314e-06
-3.568919e-02, 3.188828e-02, 4.197763e-03, 1.004896e-05
-3.501391e-02, 3.255442e-02, 4.298436e-03, 2.560360e-06
-3.449231e-02, 3.336696e-02, 3.937072e-03, 1.493110e-05
-3.389675e-02, 3.411574e-02, 3.733094e-03, 4.020278e-07
-3.310994e-02, 3.467065e-02, 4.036146e-03, 1.866080e-05
-3.231869e-02, 3.521240e-02, 4.326759e-03, 1.804777e-07
-3.168787e-02, 3.592792e-02, 4.106785e-03, 1.648047e-05
-3.108453e-02, 3.668316e-02, 3.753287e-03, 2.909244e-06
-3.031455e-02, 3.724535e-02, 3.872206e-03, 1.594232e-05
-2.945182e-02, 3.768564e-02, 4.259699e-03, 6.724016e-06
-2.870229e-02, 3.826467e-02, 4.251555e-03, 8.067905e-06
-2.805284e-02, 3.898370e-02, 3.861733e-03, 1.441623e-05
-2.730477e-02, 3.957404e-02, 3.758438e-03, 3.529383e-06
-2.641647e-02, 3.995666e-02, 4.118730e-03, 1.974339e-05
-2.556495e-02, 4.038474e-02, 4.325023e-03, 4.605936e-07
-2.483834e-02, 4.101189e-02, 4.023705e-03, 2.270485e-05
-2.409466e-02, 4.162221e-02, 3.731273e-03, 8.757037e-07
-2.321313e-02, 4.199586e-02, 3.948992e-03, 2.418403e-05
-2.229433e-02, 4.229039e-02, 4.303665e-03, 3.123603e-06
-2.147868e-02, 4.277553e-02, 4.187337e-03, 1.627749e-05
-2.071107e-02, 4.336746e-02, 3.799409e-03, 1.336085e-05
-1.984719e-02, 4.376658e-02, 3.804839e-03, 1.181333e-05
-1.889979e-02, 4.397207e-02, 4.194319e-03, 1.693900e-05
-1.800546e-02, 4.428862e-02, 4.300231e-03, 4.485116e-06
-1.718932e-02, 4.480415e-02, 3.941029e-03, 2.918291e-05
-1.633422e-02, 4.523382e-02, 3.732430e-03, 9.500705e-07
-1.538728e-02, 4.540652e-02, 4.031999e-03, 3.505552e-05
-1.444074e-02, 4.556205e-02, 4.326237e-03, 4.924120e-07
-1.356625e-02, 4.594238e-02, 4.110782e-03, 2.774220e-05
-1.270090e-02, 4.637359e-02, 3.754952e-03, 9.853797e-06
-1.176625e-02, 4.656085e-02, 3.868684e-03, 3.190518e-05
-1.079817e-02, 4.659554e-02, 4.257028e-03, 1.251307e-05
-9.873709e-03, 4.680154e-02, 4.254313e-03, 1.439615e-05
-8.981456e-03, 4.717900e-02, 3.865193e-03, 3.085378e-05
-8.054609e-03, 4.740109e-02, 3.756669e-03, 1.184294e-05
-7.087962e-03, 4.737420e-02, 4.114764e-03, 3.676330e-05
-6.134996e-03, 4.740069e-02, 4.325658e-03, 7.614074e-07
-5.211412e-03, 4.766089e-02, 4.027852e-03, 4.479535e-05
-4.279844e-03, 4.790217e-02, 3.731823e-03, 1.495092e-06
-3.323127e-03, 4.787118e-02, 3.945002e-03, 4.999987e-05
-2.365761e-03, 4.774933e-02, 4.301974e-03, 7.515106e-06
-1.421478e-03, 4.784235e-02, 4.190843e-03, 3.103341e-05
-4.758124e-04, 4.805548e-02, 3.802102e-03, 2.987257e-05
4.758124e-04, 4.805548e-02, 3.802102e-03, 3.123064e-05
1.421478e-03, 4.784235e-02, 4.190843e-03, 3.591161e-05
2.365761e-03, 4.774933e-02, 4.301974e-03, 8.808894e-06
3.323127e-03, 4.787118e-02, 3.945002e-03, 6.569563e-05
4.279844e-03, 4.790217e-02, 3.731823e-03, 3.338126e-06
5.211412e-03, 4.766089e-02, 4.027852e-03, 6.740319e-05
6.134996e-03, 4.740069e-02, 4.325658e-03, 1.335167e-06
7.087962e-03, 4.737420e-02, 4.114764e-03, 6.448166e-05
8.054609e-03, 4.740109e-02, 3.756669e-03, 7.546914e-06
8.981456e-03, 4.717900e-02, 3.865193e-03, 6.806785e-05
9.873709e-03, 4.680154e-02, 4.254313e-03, 3.405776e-05
1.079817e-02, 4.659554e-02, 4.257028e-03, 3.009424e-05
1.176625e-02, 4.656085e-02, 3.868684e-03, 8.305879e-05
1.270090e-02, 4.637359e-02, 3.754952e-03, 2.419306e-05
1.356625e-02, 4.594238e-02, 4.110782e-03, 9.463892e-05
1.444074e-02, 4.556205e-02, 4.326237e-03, 1.926892e-06
1.538728e-02, 4.540652e-02, 4.031999e-03, 1.306646e-04
1.633422e-02, 4.523382e-02, 3.732430e-03, 1.764881e-06
1.718932e-02, 4.480415e-02, 3.941029e-03, 1.325403e-04
1.800546e-02, 4.428862e-02, 4.300231e-03, 2.202496e-05
1.889979e-02, 4.397207e-02, 4.194319e-03, 9.264956e-05
1.984719e-02, 4.376658e-02, 3.804839e-03, 7.525366e-05
2.071107e-02, 4.336746e-02, 3.799409e-03, 8.523371e-05
2.147868e-02, 4.277553e-02, 4.187337e-03, 1.283750e-04
2.229433e-02, 4.229039e-02, 4.303665e-03, 2.567624e-05
2.321313e-02, 4.199586e-02, 3.948992e-03, 2.229494e-04
2.409466e-02, 4.162221e-02, 3.731273e-03, 8.223191e-06
2.483834e-02, 4.101189e-02, 4.023705e-03, 2.698555e-04
2.556495e-02, 4.038474e-02, 4.325023e-03, 5.336333e-06
2.641647e-02, 3.995666e-02, 4.118730e-03, 2.832965e-04
2.730477e-02, 3.957404e-02, 3.758438e-03, 4.988322e-05
2.805284e-02, 3.898370e-02, 3.861733e-03, 2.689565e-04
2.870229e-02, 3.826467e-02, 4.251555e-03, 1.706550e-04
2.945182e-02, 3.768564e-02, 4.259699e-03, 1.582801e-04
3.031455e-02, 3.724535e-02, 3.872206e-03, 4.268159e-04
3.108453e-02, 3.668316e-02, 3.753287e-03, 9.661720e-05
3.168787e-02, 3.592792e-02, 4.106785e-03, 6.875128e-04
3.231869e-02, 3.521240e-02, 4.326759e-03, 8.850432e-06
3.310994e-02, 3.467065e-02, 4.036146e-03, 9.450274e-04
3.389675e-02, 3.411574e-02, 3.733094e-03, 2.823201e-05
3.449231e-02, 3.336696e-02, 3.937072e-03, 1.314630e-03
3.501391e-02, 3.255442e-02, 4.298436e-03, 2.522366e-04
3.568919e-02, 3.188828e-02, 4.197763e-03, 1.314421e-03
3.646161e-02, 3.130242e-02, 3.807618e-03, 1.243825e-03
3.707846e-02, 3.057778e-02, 3.796760e-03, 1.628992e-03
3.752494e-02, 2.971746e-02, 4.183800e-03, 4.291969e-03
3.805765e-02, 2.893185e-02, 4.305303e-03, 9.917543e-04
3.876537e-02, 2.827642e-02, 3.952997e-03, 1.267436e-02
3.940871e-02, 2.756698e-02, 3.730779e-03, 1.735261e-04
3.982690e-02, 2.670085e-02, 4.019559e-03, 2.729395e-01
-3.993188e-02, 2.677123e-02, 3.775653e-03, 7.690141e-06
-3.955580e-02, 2.766987e-02, 3.380652e-03, 6.726742e-06
-3.901011e-02, 2.845493e-02, 3.356039e-03, 4.507320e-06
-3.828434e-02, 2.910418e-02, 3.744678e-03, 8.150687e-06
-3.765153e-02, 2.981771e-02, 3.869747e-03, 1.733957e-06
-3.719118e-02, 3.067073e-02, 3.513437e-03, 1.349141e-05
-3.665897e-02, 3.147186e-02, 3.296267e-03, 8.112486e-07
-3.591670e-02, 3.209156e-02, 3.596444e-03, 1.452636e-05
-3.516629e-02, 3.269609e-02, 3.891203e-03, 2.085914e-07
-3.459248e-02, 3.346387e-02, 3.667217e-03, 1.268264e-05
-3.404738e-02, 3.426735e-02, 3.314561e-03, 1.614740e-06
-3.331631e-02, 3.488676e-02, 3.447392e-03, 1.300947e-05
-3.248816e-02, 3.539705e-02, 3.834382e-03, 4.647461e-06
-3.179175e-02, 3.604570e-02, 3.801582e-03, 6.449205e-06
-3.119962e-02, 3.681899e-02, 3.406113e-03, 1.253158e-05
-3.048638e-02, 3.745646e-02, 3.336692e-03, 5.772364e-06
-2.962250e-02, 3.790404e-02, 3.714217e-03, 1.225576e-05
-2.881606e-02, 3.841636e-02, 3.881221e-03, 1.133046e-06
-2.814739e-02, 3.911510e-02, 3.546864e-03, 1.817337e-05
-2.743933e-02, 3.976907e-02, 3.293434e-03, 2.461329e-07
-2.657236e-02, 4.019245e-02, 3.562284e-03, 1.858736e-05
-2.568495e-02, 4.057430e-02, 3.885207e-03, 7.065328e-07
-2.492453e-02, 4.115421e-02, 3.699827e-03, 1.668696e-05
-2.419766e-02, 4.180013e-02, 3.328986e-03, 3.890811e-06
-2.334359e-02, 4.223189e-02, 3.418511e-03, 1.242781e-05
-2.241093e-02, 4.251157e-02, 3.812492e-03, 8.606735e-06
-2.156202e-02, 4.294149e-02, 3.824804e-03, 7.048595e-06
-2.079172e-02, 4.353634e-02, 3.434006e-03, 1.592355e-05
-1.994900e-02, 4.399110e-02, 3.320679e-03, 3.758473e-06
-1.900266e-02, 4.421141e-02, 3.682184e-03, 2.081109e-05
-1.808458e-02, 4.448324e-02, 3.888954e-03, 4.989358e-07
-1.725541e-02, 4.497641e-02, 3.580895e-03, 2.500775e-05
-1.641010e-02, 4.544395e-02, 3.294498e-03, 3.188620e-07
-1.546950e-02, 4.564915e-02, 3.528528e-03, 2.714053e-05
-1.451018e-02, 4.578117e-02, 3.875418e-03, 2.333002e-06
-1.362128e-02, 4.612873e-02, 3.731053e-03, 1.946441e-05
-1.275598e-02, 4.657468e-02, 3.346847e-03, 9.788987e-06
-1.182575e-02, 4.679628e-02, 3.391902e-03, 1.896027e-05
-1.085214e-02, 4.682845e-02, 3.787754e-03, 1.515904e-05
-9.916871e-03, 4.700613e-02, 3.845019e-03, 8.194122e-06
-9.019804e-03, 4.738044e-02, 3.463969e-03, 2.883195e-05
-8.092917e-03, 4.762653e-02, 3.308209e-03, 1.412859e-06
-7.123079e-03, 4.760892e-02, 3.648998e-03, 3.441887e-05
-6.163343e-03, 4.761971e-02, 3.892846e-03, 5.479288e-08
-5.234328e-03, 4.787047e-02, 3.615088e-03, 3.618664e-05
-4.299478e-03, 4.812192e-02, 3.299444e-03, 3.933280e-06
-3.338996e-03, 4.809977e-02, 3.495614e-03, 4.078253e-05
-2.376868e-03, 4.797351e-02, 3.861964e-03, 6.761951e-06
-1.428001e-03, 4.806188e-02, 3.760489e-03, 2.458227e-05
-4.780058e-04, 4.827701e-02, 3.367910e-03, 2.730062e-05
4.780058e-04, 4.827701e-02, 3.367910e-03, 2.713466e-05
1.428001e-03, 4.806188e-02, 3.760489e-03, 2.837467e-05
2.376868e-03, 4.797351e-02, 3.861964e-03, 8.177793e-06
3.338996e-03, 4.809977e-02, 3.495614e-03, 5.272879e-05
4.299478e-03, 4.812192e-02, 3.299444e-03, 5.656249e-06
5.234328e-03, 4.787047e-02, 3.615088e-03, 5.735380e-05
6.163343e-03, 4.761971e-02, 3.892846e-03, 9.215306e-08
7.123079e-03, 4.760892e-02, 3.648998e-03, 6.127814e-05
8.092917e-03, 4.762653e-02, 3.308209e-03, 2.776695e-06
9.019804e-03, 4.738044e-02, 3.463969e-03, 6.312194e-05
9.916871e-03, 4.700613e-02, 3.845019e-03, 1.933383e-05
1.085214e-02, 4.682845e-02, 3.787754e-03, 3.769089e-05
1.182575e-02, 4.679628e-02, 3.391902e-03, 5.129242e-05
1.275598e-02, 4.657468e-02, 3.346847e-03, 2.973765e-05
1.362128e-02, 4.612873e-02, 3.731053e-03, 6.503197e-05
1.451018e-02, 4.578117e-02, 3.875418e-03, 8.238178e-06
1.546950e-02, 4.564915e-02, 3.528528e-03, 1.030978e-04
1.641010e-02, 4.544395e-02, 3.294498e-03, 1.360863e-06
1.725541e-02, 4.497641e-02, 3.580895e-03, 1.196708e-04
1.808458e-02, 4.448324e-02, 3.888954e-03, 2.562437e-06
1.900266e-02, 4.421141e-02, 3.682184e-03, 1.139465e-04
1.994900e-02, 4.399110e-02, 3.320679e-03, 2.300584e-05
2.079172e-02, 4.353634e-02, 3.434006e-03, 1.111867e-04
2.156202e-02, 4.294149e-02, 3.824804e-03, 5.413804e-05
2.241093e-02, 4.251157e-02, 3.812492e-03, 7.049437e-05
2.334359e-02, 4.223189e-02, 3.418511e-03, 1.128062e-04
2.419766e-02, 4.180013e-02, 3.328986e-03, 4.078974e-05
2.492453e-02, 4.115421e-02, 3.699827e-03, 1.989272e-04
2.568495e-02, 4.057430e-02, 3.885207e-03, 9.112023e-06
2.657236e-02, 4.019245e-02, 3.562284e-03, 2.623888e-04
2.743933e-02, 3.976907e-02, 3.293434e-03, 4.054359e-06
2.814739e-02, 3.911510e-02, 3.546864e-03, 3.536458e-04
2.881606e-02, 3.841636e-02, 3.881221e-03, 2.450747e-05
2.962250e-02, 3.790404e-02, 3.714217e-03, 2.915592e-04
3.048638e-02, 3.745646e-02, 3.336692e-03, 1.608094e-04
3.119962e-02, 3.681899e-02, 3.406113e-03, 4.309334e-04
3.179175e-02, 3.604570e-02, 3.801582e-03, 2.602596e-04
3.248816e-02, 3.539705e-02, 3.834382e-03, 2.090178e-04
3.331631e-02, 3.488676e-02, 3.447392e-03, 6.916653e-04
3.404738e-02, 3.426735e-02, 3.314561e-03, 1.115936e-04
3.459248e-02, 3.346387e-02, 3.667217e-03, 1.134208e-03
3.516629e-02, 3.269609e-02, 3.891203e-03, 2.221055e-05
3.591670e-02, 3.209156e-02, 3.596444e-03, 1.850303e-03
3.665897e-02, 3.147186e-02, 3.296267e-03, 1.474076e-04
3.719118e-02, 3.067073e-02, 3.513437e-03, 3.845040e-03
3.765153e-02, 2.981771e-02, 3.869747e-03, 6.932140e-04
3.828434e-02, 2.910418e-02, 3.744678e-03, 4.413208e-03
3.901011e-02, 2.845493e-02, 3.356039e-03, 4.554116e-03
3.955580e-02, 2.766987e-02, 3.380652e-03, 2.245508e-02
3.993188e-02, 2.677123e-02, 3.775653e-03, 1.677818e-01
-4.007097e-02, 2.686448e-02, 3.449651e-03, 6.316480e-07
-3.966517e-02, 2.774637e-02, 3.122607e-03, 9.553454e-06
-3.921497e-02, 2.860436e-02, 2.857778e-03, 8.220469e-08
-3.853508e-02, 2.929479e-02, 3.123637e-03, 1.002245e-05
-3.781958e-02, 2.995080e-02, 3.449889e-03, 3.185999e-07
-3.729260e-02, 3.075437e-02, 3.259409e-03, 8.856527e-06
-3.681680e-02, 3.160735e-02, 2.889147e-03, 1.660486e-06
-3.614461e-02, 3.229520e-02, 2.994082e-03, 7.114409e-06
-3.535359e-02, 3.287024e-02, 3.388588e-03, 3.764734e-06
-3.470076e-02, 3.356861e-02, 3.374800e-03, 4.471351e-06
-3.416943e-02, 3.439019e-02, 2.977109e-03, 6.565416e-06
-3.350875e-02, 3.508826e-02, 2.899013e-03, 2.582219e-06
-3.267905e-02, 3.560503e-02, 3.278661e-03, 9.772541e-06
-3.191280e-02, 3.618294e-02, 3.444471e-03, 7.043728e-07
-3.130043e-02, 3.693795e-02, 3.103133e-03, 1.235618e-05
-3.064013e-02, 3.764536e-02, 2.858459e-03, 4.911366e-09
-2.980103e-02, 3.813247e-02, 3.143268e-03, 1.393720e-05
-2.894698e-02, 3.859089e-02, 3.453744e-03, 3.054804e-07
-2.823941e-02, 3.924297e-02, 3.240668e-03, 1.154217e-05
-2.755898e-02, 3.994248e-02, 2.880962e-03, 2.854902e-06
-2.672685e-02, 4.042612e-02, 3.010931e-03, 1.377897e-05
-2.581691e-02, 4.078276e-02, 3.400666e-03, 3.954714e-06
-2.501467e-02, 4.130303e-02, 3.360741e-03, 7.157388e-06
-2.429187e-02, 4.196288e-02, 2.961783e-03, 1.104852e-05
-2.346885e-02, 4.245851e-02, 2.909531e-03, 6.795084e-06
-2.253334e-02, 4.274377e-02, 3.296417e-03, 1.130851e-05
-2.165078e-02, 4.311827e-02, 3.438056e-03, 1.903651e-06
-2.086908e-02, 4.369831e-02, 3.083894e-03, 1.833931e-05
-2.004588e-02, 4.420473e-02, 2.860430e-03, 1.352910e-07
-1.910693e-02, 4.445401e-02, 3.162962e-03, 1.870670e-05
-1.816772e-02, 4.468774e-02, 3.456324e-03, 1.971580e-07
-1.732136e-02, 4.514830e-02, 3.221570e-03, 1.771890e-05
-1.648302e-02, 4.564590e-02, 2.873971e-03, 4.224887e-06
-1.555119e-02, 4.589019e-02, 3.028414e-03, 1.905348e-05
-1.458158e-02, 4.600643e-02, 3.411696e-03, 5.204380e-06
-1.367709e-02, 4.631773e-02, 3.345807e-03, 1.100986e-05
-1.280992e-02, 4.677164e-02, 2.947302e-03, 1.236442e-05
-1.188451e-02, 4.702881e-02, 2.921119e-03, 1.038142e-05
-1.090667e-02, 4.706375e-02, 3.313576e-03, 1.580637e-05
-9.960580e-03, 4.721331e-02, 3.430432e-03, 3.271129e-06
-9.057943e-03, 4.758078e-02, 3.064974e-03, 2.674759e-05
-8.130896e-03, 4.785003e-02, 2.863682e-03, 2.343216e-06
-7.158241e-03, 4.784393e-02, 3.182633e-03, 2.698868e-05
-6.191846e-03, 4.783993e-02, 3.457616e-03, 2.585839e-08
-5.257250e-03, 4.808011e-02, 3.202198e-03, 2.943542e-05
-4.319062e-03, 4.834112e-02, 2.868202e-03, 1.519830e-06
-3.354856e-03, 4.832825e-02, 3.046454e-03, 2.961128e-05
-2.387983e-03, 4.819784e-02, 3.421633e-03, 5.849937e-06
-1.434524e-03, 4.828144e-02, 3.330063e-03, 2.078157e-05
-4.801992e-04, 4.849854e-02, 2.933728e-03, 1.486717e-05
4.801992e-04, 4.849854e-02, 2.933728e-03, 1.371021e-05
1.434524e-03, 4.828144e-02, 3.330063e-03, 2.374456e-05
2.387983e-03, 4.819784e-02, 3.421633e-03, 7.078048e-06
3.354856e-03, 4.832825e-02, 3.046454e-03, 3.588908e-05
4.319062e-03, 4.834112e-02, 2.868202e-03, 1.948013e-06
5.257250e-03, 4.808011e-02, 3.202198e-03, 4.776872e-05
6.191846e-03, 4.783993e-02, 3.457616e-03, 2.288260e-08
7.158241e-03, 4.784393e-02, 3.182633e-03, 4.696472e-05
8.130896e-03, 4.785003e-02, 2.863682e-03, 3.753700e-06
9.057943e-03, 4.758078e-02, 3.064974e-03, 5.766051e-05
9.960580e-03, 4.721331e-02, 3.430432e-03, 7.949168e-06
1.090667e-02, 4.706375e-02, 3.313576e-03, 3.881309e-05
1.188451e-02, 4.702881e-02, 2.921119e-03, 3.107858e-05
1.280992e-02, 4.677164e-02, 2.947302e-03, 4.628537e-05
1.367709e-02, 4.631773e-02, 3.345807e-03, 3.662697e-05
1.458158e-02, 4.600643e-02, 3.411696e-03, 1.842771e-05
1.555119e-02, 4.589019e-02, 3.028414e-03, 7.577578e-05
1.648302e-02, 4.564590e-02, 2.873971e-03, 1.205991e-05
1.732136e-02, 4.514830e-02, 3.221570e-03, 8.388343e-05
1.816772e-02, 4.468774e-02, 3.456324e-03, 7.798561e-07
1.910693e-02, 4.445401e-02, 3.162962e-03, 1.037982e-04
2.004588e-02, 4.420473e-02, 2.860430e-03, 8.854953e-06
2.086908e-02, 4.369831e-02, 3.083894e-03, 1.254421e-04
2.165078e-02, 4.311827e-02, 3.438056e-03, 1.417060e-05
2.253334e-02, 4.274377e-02, 3.296417e-03, 9.501299e-05
2.346885e-02, 4.245851e-02, 2.909531e-03, 6.644518e-05
2.429187e-02, 4.196288e-02, 2.961783e-03, 1.065489e-04
2.501467e-02, 4.130303e-02, 3.360741e-03, 8.622291e-05
2.581691e-02, 4.078276e-02, 3.400666e-03, 5.217785e-05
2.672685e-02, 4.042612e-02, 3.010931e-03, 1.958312e-04
2.755898e-02, 3.994248e-02, 2.880962e-03, 4.599303e-05
2.823941e-02, 3.924297e-02, 3.240668e-03, 2.280975e-04
2.894698e-02, 3.859089e-02, 3.453744e-03, 7.034254e-06
2.980103e-02, 3.813247e-02, 3.143268e-03, 3.462101e-04
3.064013e-02, 3.764536e-02, 2.858459e-03, 1.541761e-07
3.130043e-02, 3.693795e-02, 3.103133e-03, 4.418278e-04
3.191280e-02, 3.618294e-02, 3.444471e-03, 3.189761e-05
3.267905e-02, 3.560503e-02, 3.278661e-03, 4.397191e-04
3.350875e-02, 3.508826e-02, 2.899013e-03, 1.427639e-04
3.416943e-02, 3.439019e-02, 2.977109e-03, 5.462378e-04
3.470076e-02, 3.356861e-02, 3.374800e-03, 4.024387e-04
3.535359e-02, 3.287024e-02, 3.388588e-03, 3.948033e-04
3.614461e-02, 3.229520e-02, 2.994082e-03, 9.240362e-04
3.681680e-02, 3.160735e-02, 2.889147e-03, 3.289046e-04
3.729260e-02, 3.075437e-02, 3.259409e-03, 2.613750e-03
3.781958e-02, 2.995080e-02, 3.449889e-03, 1.343474e-04
3.853508e-02, 2.929479e-02, 3.123637e-03, 5.566638e-03
3.921497e-02, 2.860436e-02, 2.857778e-03, 8.443319e-05
3.966517e-02, 2.774637e-02, 3.122607e-03, 4.115798e-02
4.007097e-02, 2.686448e-02, 3.449651e-03, 1.230296e-02
-4.026463e-02, 2.699431e-02, 2.992223e-03, 1.322506e-06
-3.976829e-02, 2.781851e-02, 2.879789e-03, 4.010522e-06
-3.936943e-02, 2.871703e-02, 2.484295e-03, 3.394105e-06
-3.878039e-02, 2.948128e-02, 2.516224e-03, 5.542207e-06
-3.803147e-02, 3.011859e-02, 2.918217e-03, 3.542740e-06
-3.740839e-02, 3.084987e-02, 2.968116e-03, 2.222248e-06
-3.693886e-02, 3.171215e-02, 2.576281e-03, 7.024747e-06
-3.635204e-02, 3.248054e-02, 2.446621e-03, 2.162946e-06
-3.556796e-02, 3.306955e-02, 2.812063e-03, 6.801619e-06
-3.483286e-02, 3.369640e-02, 3.016111e-03, 2.699758e-07
-3.427297e-02, 3.449439e-02, 2.692204e-03, 8.939729e-06
-3.367647e-02, 3.526389e-02, 2.422223e-03, 2.035245e-07
-3.288068e-02, 3.582472e-02, 2.691173e-03, 8.936357e-06
-3.205748e-02, 3.634698e-02, 3.015902e-03, 2.979374e-07
-3.139707e-02, 3.705200e-02, 2.813052e-03, 8.325851e-06
-3.077279e-02, 3.780836e-02, 2.447032e-03, 1.224631e-06
-2.997861e-02, 3.835970e-02, 2.575376e-03, 7.241039e-06
-2.909553e-02, 3.878893e-02, 2.967521e-03, 2.856758e-06
-2.833595e-02, 3.937713e-02, 2.919001e-03, 4.999353e-06
-2.766485e-02, 4.009593e-02, 2.516979e-03, 5.788677e-06
-2.687469e-02, 4.064975e-02, 2.483665e-03, 3.315642e-06
-2.595883e-02, 4.100694e-02, 2.878905e-03, 7.702962e-06
-2.511230e-02, 4.146425e-02, 2.992673e-03, 1.570552e-06
-2.437957e-02, 4.211437e-02, 2.620591e-03, 1.027608e-05
-2.358673e-02, 4.267177e-02, 2.431083e-03, 4.316187e-07
-2.265941e-02, 4.298293e-02, 2.764590e-03, 1.228402e-05
-2.174613e-02, 4.330816e-02, 3.021985e-03, 4.769268e-09
-2.094491e-02, 4.385709e-02, 2.740873e-03, 1.225230e-05
-2.013737e-02, 4.440648e-02, 2.426256e-03, 8.828526e-07
-1.921128e-02, 4.469680e-02, 2.643325e-03, 1.430447e-05
-1.825492e-02, 4.490224e-02, 3.002129e-03, 1.474049e-06
-1.738805e-02, 4.532213e-02, 2.858096e-03, 9.922091e-06
-1.655314e-02, 4.584007e-02, 2.469974e-03, 5.938794e-06
-1.563179e-02, 4.612805e-02, 2.535002e-03, 1.220018e-05
-1.465473e-02, 4.623722e-02, 2.936361e-03, 6.448251e-06
-1.373397e-02, 4.651034e-02, 2.953032e-03, 5.486268e-06
-1.286290e-02, 4.696508e-02, 2.555067e-03, 1.426251e-05
-1.194240e-02, 4.725792e-02, 2.457387e-03, 6.430573e-06
-1.096165e-02, 4.730096e-02, 2.835469e-03, 1.384240e-05
-1.000488e-02, 4.742329e-02, 3.010110e-03, 1.215356e-06
-9.095933e-03, 4.778034e-02, 2.667577e-03, 2.050300e-05
-8.168535e-03, 4.807154e-02, 2.423211e-03, 2.667799e-07
-7.193422e-03, 4.807907e-02, 2.716002e-03, 2.020591e-05
-6.220505e-03, 4.806136e-02, 3.019967e-03, 2.060806e-07
-5.280187e-03, 4.828988e-02, 2.789051e-03, 2.149723e-05
-4.338596e-03, 4.855975e-02, 2.438081e-03, 2.625509e-06
-3.370707e-03, 4.855659e-02, 2.597555e-03, 2.120765e-05
-2.399105e-03, 4.842233e-02, 2.980987e-03, 5.155250e-06
-1.441049e-03, 4.850104e-02, 2.899563e-03, 1.524899e-05
-4.823926e-04, 4.872006e-02, 2.499556e-03, 1.043138e-05
4.823926e-04, 4.872006e-02, 2.499556e-03, 1.258478e-05
1.441049e-03, 4.850104e-02, 2.899563e-03, 1.673448e-05
2.399105e-03, 4.842233e-02, 2.980987e-03, 6.006963e-06
3.370707e-03, 4.855659e-02, 2.597555e-03, 2.418743e-05
4.338596e-03, 4.855975e-02, 2.438081e-03, 2.004138e-06
5.280187e-03, 4.828988e-02, 2.789051e-03, 3.320947e-05
6.220505e-03, 4.806136e-02, 3.019967e-03, 2.585436e-07
7.193422e-03, 4.807907e-02, 2.716002e-03, 3.614665e-05
8.168535e-03, 4.807154e-02, 2.423211e-03, 1.634905e-06
9.095933e-03, 4.778034e-02, 2.667577e-03, 4.402857e-05
1.000488e-02, 4.742329e-02, 3.010110e-03, 2.890155e-06
1.096165e-02, 4.730096e-02, 2.835469e-03, 3.451229e-05
1.194240e-02, 4.725792e-02, 2.457387e-03, 1.586439e-05
1.286290e-02, 4.696508e-02, 2.555067e-03, 4.215227e-05
1.373397e-02, 4.651034e-02, 2.953032e-03, 1.849865e-05
1.465473e-02, 4.623722e-02, 2.936361e-03, 2.252424e-05
1.563179e-02, 4.612805e-02, 2.535002e-03, 4.528987e-05
1.655314e-02, 4.584007e-02, 2.469974e-03, 2.645547e-05
1.738805e-02, 4.532213e-02, 2.858096e-03, 4.812093e-05
1.825492e-02, 4.490224e-02, 3.002129e-03, 7.398798e-06
1.921128e-02, 4.469680e-02, 2.643325e-03, 7.990667e-05
2.013737e-02, 4.440648e-02, 2.426256e-03, 5.204611e-06
2.094491e-02, 4.385709e-02, 2.740873e-03, 8.618892e-05
2.174613e-02, 4.330816e-02, 3.021985e-03, 1.250578e-07
2.265941e-02, 4.298293e-02, 2.764590e-03, 9.603810e-05
2.358673e-02, 4.267177e-02, 2.431083e-03, 4.404541e-06
2.437957e-02, 4.211437e-02, 2.620591e-03, 1.168648e-04
2.511230e-02, 4.146425e-02, 2.992673e-03, 1.906153e-05
2.595883e-02, 4.100694e-02, 2.878905e-03, 1.004594e-04
2.687469e-02, 4.064975e-02, 2.483665e-03, 5.419790e-05
2.766485e-02, 4.009593e-02, 2.516979e-03, 9.934225e-05
2.833595e-02, 3.937713e-02, 2.919001e-03, 9.377735e-05
2.909553e-02, 3.878893e-02, 2.967521e-03, 5.929955e-05
2.997861e-02, 3.835970e-02, 2.575376e-03, 1.641209e-04
3.077279e-02, 3.780836e-02, 2.447032e-03, 3.598418e-05
3.139707e-02, 3.705200e-02, 2.813052e-03, 2.930850e-04
3.205748e-02, 3.634698e-02, 3.015902e-03, 1.156412e-05
3.288068e-02, 3.582472e-02, 2.691173e-03, 4.038984e-04
3.367647e-02, 3.526389e-02, 2.422223e-03, 1.007349e-05
3.427297e-02, 3.449439e-02, 2.692204e-03, 6.751468e-04
3.483286e-02, 3.369640e-02, 3.016111e-03, 2.387672e-05
3.556796e-02, 3.306955e-02, 2.812063e-03, 7.007012e-04
3.635204e-02, 3.248054e-02, 2.446621e-03, 3.002008e-04
3.693886e-02, 3.171215e-02, 2.576281e-03, 1.395356e-03
3.740839e-02, 3.084987e-02, 2.968116e-03, 6.120081e-04
3.803147e-02, 3.011859e-02, 2.918217e-03, 1.307303e-03
3.878039e-02, 2.948128e-02, 2.516224e-03, 2.582803e-03
3.936943e-02, 2.871703e-02, 2.484295e-03, 4.545291e-03
3.976829e-02, 2.781851e-02, 2.879789e-03, 1.668053e-02
4.026463e-02, 2.699431e-02, 2.992223e-03, 1.465839e-02
-4.050878e-02, 2.715800e-02, 2.413217e-03, 3.938918e-06
-3.989937e-02, 2.791020e-02, 2.568751e-03, 3.857657e-07
-3.948392e-02, 2.880054e-02, 2.209772e-03, 5.006921e-06
-3.899297e-02, 2.964289e-02, 1.991046e-03, 2.004659e-07
-3.827276e-02, 3.030968e-02, 2.311522e-03, 5.125991e-06
-3.755897e-02, 3.097404e-02, 2.586663e-03, 2.151098e-10
-3.704150e-02, 3.180026e-02, 2.314620e-03, 5.411633e-06
-3.652501e-02, 3.263509e-02, 1.991591e-03, 1.638812e-07
-3.579286e-02, 3.327865e-02, 2.206770e-03, 6.125998e-06
-3.499721e-02, 3.385538e-02, 2.567677e-03, 4.839970e-07
-3.437343e-02, 3.459550e-02, 2.416031e-03, 4.303388e-06
-3.381552e-02, 3.540950e-02, 2.028428e-03, 1.834758e-06
-3.307956e-02, 3.604140e-02, 2.111844e-03, 5.245556e-06
-3.222638e-02, 3.653848e-02, 2.514131e-03, 1.971169e-06
-3.150064e-02, 3.717422e-02, 2.501530e-03, 2.614515e-06
-3.088607e-02, 3.794753e-02, 2.097026e-03, 5.074477e-06
-3.014667e-02, 3.857475e-02, 2.038420e-03, 3.367031e-06
-2.925868e-02, 3.900644e-02, 2.432608e-03, 4.442163e-06
-2.844321e-02, 3.952619e-02, 2.560604e-03, 9.997865e-07
-2.776052e-02, 4.023459e-02, 2.188947e-03, 7.415448e-06
-2.701174e-02, 4.085705e-02, 1.995528e-03, 9.592110e-07
-2.610716e-02, 4.124126e-02, 2.333136e-03, 6.850649e-06
-2.521995e-02, 4.164198e-02, 2.585986e-03, 3.563264e-08
-2.446388e-02, 4.226002e-02, 2.292887e-03, 8.370545e-06
-2.369595e-02, 4.286936e-02, 1.988443e-03, 1.773013e-08
-2.278662e-02, 4.322422e-02, 2.227949e-03, 8.007779e-06
-2.184851e-02, 4.351206e-02, 2.574554e-03, 4.741768e-07
-2.102112e-02, 4.401668e-02, 2.396062e-03, 7.514183e-06
-2.022350e-02, 4.459642e-02, 2.018036e-03, 1.668655e-06
-1.931439e-02, 4.493669e-02, 2.129983e-03, 7.343366e-06
-1.834593e-02, 4.512610e-02, 2.527716e-03, 2.634286e-06
-1.745632e-02, 4.550009e-02, 2.485782e-03, 5.055462e-06
-1.662076e-02, 4.602733e-02, 2.080669e-03, 5.970605e-06
-1.571084e-02, 4.636132e-02, 2.051288e-03, 3.637866e-06
-1.472936e-02, 4.647269e-02, 2.451230e-03, 6.312284e-06
-1.379215e-02, 4.670738e-02, 2.551014e-03, 2.162741e-06
-1.291511e-02, 4.715572e-02, 2.168637e-03, 9.756373e-06
-1.199933e-02, 4.748320e-02, 2.001543e-03, 1.455146e-06
-1.101694e-02, 4.753956e-02, 2.354506e-03, 1.052478e-05
-1.004980e-02, 4.763624e-02, 2.583733e-03, 2.194144e-07
-9.133835e-03, 4.797944e-02, 2.271121e-03, 1.366567e-05
-8.205828e-03, 4.829101e-02, 1.986864e-03, 2.079572e-07
-7.228598e-03, 4.831418e-02, 2.249437e-03, 1.385515e-05
-6.249317e-03, 4.828397e-02, 2.579916e-03, 5.225246e-07
-5.303145e-03, 4.849984e-02, 2.375518e-03, 1.279625e-05
-4.358081e-03, 4.877784e-02, 2.009059e-03, 1.268696e-06
-3.386548e-03, 4.878479e-02, 2.148947e-03, 1.382718e-05
-2.410236e-03, 4.864698e-02, 2.540032e-03, 3.987617e-06
-1.447574e-03, 4.872067e-02, 2.468986e-03, 9.398160e-06
-4.845858e-04, 4.894157e-02, 2.065396e-03, 8.537577e-06
4.845858e-04, 4.894157e-02, 2.065396e-03, 8.995390e-06
1.447574e-03, 4.872067e-02, 2.468986e-03, 1.080349e-05
2.410236e-03, 4.864698e-02, 2.540032e-03, 4.798731e-06
3.386548e-03, 4.878479e-02, 2.148947e-03, 1.759648e-05
4.358081e-03, 4.877784e-02, 2.009059e-03, 4.216393e-06
5.303145e-03, 4.849984e-02, 2.375518e-03, 2.099767e-05
6.249317e-03, 4.828397e-02, 2.579916e-03, 8.754963e-07
7.228598e-03, 4.831418e-02, 2.249437e-03, 2.462327e-05
8.205828e-03, 4.829101e-02, 1.986864e-03, 4.376006e-07
9.133835e-03, 4.797944e-02, 2.271121e-03, 3.004722e-05
1.004980e-02, 4.763624e-02, 2.583733e-03, 5.123698e-07
1.101694e-02, 4.753956e-02, 2.354506e-03, 2.653938e-05
1.199933e-02, 4.748320e-02, 2.001543e-03, 1.894625e-06
1.291511e-02, 4.715572e-02, 2.168637e-03, 3.449446e-05
1.379215e-02, 4.670738e-02, 2.551014e-03, 7.264403e-06
1.472936e-02, 4.647269e-02, 2.451230e-03, 2.253085e-05
1.571084e-02, 4.636132e-02, 2.051288e-03, 1.923707e-05
1.662076e-02, 4.602733e-02, 2.080669e-03, 2.553009e-05
1.745632e-02, 4.550009e-02, 2.485782e-03, 2.237609e-05
1.834593e-02, 4.512610e-02, 2.527716e-03, 1.294591e-05
1.931439e-02, 4.493669e-02, 2.129983e-03, 3.926114e-05
2.022350e-02, 4.459642e-02, 2.018036e-03, 1.045321e-05
2.102112e-02, 4.401668e-02, 2.396062e-03, 5.284908e-05
2.184851e-02, 4.351206e-02, 2.574554e-03, 3.558526e-06
2.278662e-02, 4.322422e-02, 2.227949e-03, 6.456089e-05
2.369595e-02, 4.286936e-02, 1.988443e-03, 1.700689e-07
2.446388e-02, 4.226002e-02, 2.292887e-03, 9.027728e-05
2.521995e-02, 4.164198e-02, 2.585986e-03, 4.234267e-07
2.610716e-02, 4.124126e-02, 2.333136e-03, 8.574773e-05
2.701174e-02, 4.085705e-02, 1.995528e-03, 1.386891e-05
2.776052e-02, 4.023459e-02, 2.188947e-03, 1.274101e-04
2.844321e-02, 3.952619e-02, 2.560604e-03, 1.910403e-05
2.925868e-02, 3.900644e-02, 2.432608e-03, 9.151698e-05
3.014667e-02, 3.857475e-02, 2.038420e-03, 7.956452e-05
3.088607e-02, 3.794753e-02, 2.097026e-03, 1.374928e-04
3.150064e-02, 3.717422e-02, 2.501530e-03, 8.854001e-05
3.222638e-02, 3.653848e-02, 2.514131e-03, 7.450170e-05
3.307956e-02, 3.604140e-02, 2.111844e-03, 2.323404e-04
3.381552e-02, 3.540950e-02, 2.028428e-03, 1.046499e-04
3.437343e-02, 3.459550e-02, 2.416031e-03, 3.090706e-04
3.499721e-02, 3.385538e-02, 2.567677e-03, 3.943346e-05
3.579286e-02, 3.327865e-02, 2.206770e-03, 5.870020e-04
3.652501e-02, 3.263509e-02, 1.991591e-03, 2.888907e-05
3.704150e-02, 3.180026e-02, 2.314620e-03, 1.077996e-03
3.755897e-02, 3.097404e-02, 2.586663e-03, 6.347717e-08
3.827276e-02, 3.030968e-02, 2.311522e-03, 1.716351e-03
3.899297e-02, 2.964289e-02, 1.991046e-03, 1.201043e-04
3.948392e-02, 2.880054e-02, 2.209772e-03, 7.210863e-03
3.989937e-02, 2.791020e-02, 2.568751e-03, 1.173161e-03
4.050878e-02, 2.715800e-02, 2.413217e-03, 2.783384e-02
-4.077660e-02, 2.733755e-02, 1.777227e-03, 2.979307e-06
-4.008049e-02, 2.803689e-02, 2.135584e-03, 1.929724e-07
-3.958548e-02, 2.887462e-02, 1.967232e-03, 1.940366e-06
-3.915858e-02, 2.976878e-02, 1.583880e-03, 1.056984e-06
-3.851778e-02, 3.050372e-02, 1.695313e-03, 2.719564e-06
-3.775197e-02, 3.113321e-02, 2.095210e-03, 7.992742e-07
-3.714786e-02, 3.189157e-02, 2.043152e-03, 1.424271e-06
-3.666109e-02, 3.275667e-02, 1.635525e-03, 2.374622e-06
-3.600839e-02, 3.347905e-02, 1.627061e-03, 1.902645e-06
-3.519239e-02, 3.404420e-02, 2.033431e-03, 1.817790e-06
-3.448715e-02, 3.470996e-02, 2.102231e-03, 7.444024e-07
-3.392990e-02, 3.552927e-02, 1.706076e-03, 2.761543e-06
-3.326290e-02, 3.624115e-02, 1.578457e-03, 8.528574e-07
-3.241402e-02, 3.675123e-02, 1.955663e-03, 2.804876e-06
-3.162061e-02, 3.731580e-02, 2.139289e-03, 1.844678e-07
-3.098598e-02, 3.807029e-02, 1.789346e-03, 3.825848e-06
-3.029862e-02, 3.876918e-02, 1.553763e-03, 1.383208e-08
-2.943053e-02, 3.923554e-02, 1.868727e-03, 3.986223e-06
-2.856541e-02, 3.969600e-02, 2.151075e-03, 6.195780e-09
-2.785133e-02, 4.036620e-02, 1.878032e-03, 3.644585e-06
-2.713563e-02, 4.104444e-02, 1.555145e-03, 5.551249e-07
-2.625740e-02, 4.147860e-02, 1.780246e-03, 4.664337e-06
-2.533866e-02, 4.183799e-02, 2.136556e-03, 3.679930e-07
-2.454841e-02, 4.240603e-02, 1.964358e-03, 3.260427e-06
-2.379629e-02, 4.305090e-02, 1.582481e-03, 1.044484e-06
-2.291226e-02, 4.346255e-02, 1.697979e-03, 4.290160e-06
-2.195765e-02, 4.372941e-02, 2.097005e-03, 1.385159e-06
-2.109960e-02, 4.418100e-02, 2.040752e-03, 2.227887e-06
-2.030477e-02, 4.477563e-02, 1.633374e-03, 2.638458e-06
-1.941504e-02, 4.517084e-02, 1.629142e-03, 2.694027e-06
-1.844022e-02, 4.535802e-02, 2.035891e-03, 3.113601e-06
-1.752691e-02, 4.568409e-02, 2.100516e-03, 1.258580e-06
-1.668634e-02, 4.620895e-02, 1.703361e-03, 4.603885e-06
-1.578794e-02, 4.658882e-02, 1.579769e-03, 6.598031e-07
-1.480513e-02, 4.671174e-02, 1.958573e-03, 5.508729e-06
-1.385184e-02, 4.690950e-02, 2.138409e-03, 3.637688e-07
-1.296678e-02, 4.734438e-02, 1.786306e-03, 6.323734e-06
-1.205523e-02, 4.770437e-02, 1.554192e-03, 1.614360e-08
-1.107243e-02, 4.777900e-02, 1.871831e-03, 7.473393e-06
-1.009537e-02, 4.785224e-02, 2.151107e-03, 8.003840e-09
-9.171712e-03, 4.817841e-02, 1.874933e-03, 6.846015e-06
-8.242776e-03, 4.850844e-02, 1.554652e-03, 3.067732e-07
-7.263745e-03, 4.854909e-02, 1.783272e-03, 8.075803e-06
-6.278282e-03, 4.850776e-02, 2.137498e-03, 5.600584e-07
-5.326131e-03, 4.871005e-02, 1.961471e-03, 6.315229e-06
-4.377518e-03, 4.899539e-02, 1.581110e-03, 1.673886e-06
-3.402378e-03, 4.901283e-02, 1.700662e-03, 7.723604e-06
-2.421373e-03, 4.887178e-02, 2.098774e-03, 2.494944e-06
-1.454101e-03, 4.894035e-02, 2.038332e-03, 4.807039e-06
-4.867791e-04, 4.916308e-02, 1.631246e-03, 5.526033e-06
4.867791e-04, 4.916308e-02, 1.631246e-03, 5.592235e-06
1.454101e-03, 4.894035e-02, 2.038332e-03, 5.718969e-06
2.421373e-03, 4.887178e-02, 2.098774e-03, 2.963567e-06
3.402378e-03, 4.901283e-02, 1.700662e-03, 9.889011e-06
4.377518e-03, 4.899539e-02, 1.581110e-03, 2.410421e-06
5.326131e-03, 4.871005e-02, 1.961471e-03, 1.006693e-05
6.278282e-03, 4.850776e-02, 2.137498e-03, 9.217721e-07
7.263745e-03, 4.854909e-02, 1.783272e-03, 1.395395e-05
8.242776e-03, 4.850844e-02, 1.554652e-03, 5.724200e-07
9.171712e-03, 4.817841e-02, 1.874933e-03, 1.507746e-05
1.009537e-02, 4.785224e-02, 2.151107e-03, 1.856782e-08
1.107243e-02, 4.777900e-02, 1.871831e-03, 1.833069e-05
1.205523e-02, 4.770437e-02, 1.554192e-03, 8.027097e-08
1.296678e-02, 4.734438e-02, 1.786306e-03, 1.925547e-05
1.385184e-02, 4.690950e-02, 2.138409e-03, 1.201775e-06
1.480513e-02, 4.671174e-02, 1.958573e-03, 1.853109e-05
1.578794e-02, 4.658882e-02, 1.579769e-03, 2.679173e-06
1.668634e-02, 4.620895e-02, 1.703361e-03, 2.004907e-05
1.752691e-02, 4.568409e-02, 2.100516e-03, 5.916253e-06
1.844022e-02, 4.535802e-02, 2.035891e-03, 1.562906e-05
1.941504e-02, 4.517084e-02, 1.629142e-03, 1.453969e-05
2.030477e-02, 4.477563e-02, 1.633374e-03, 2.026003e-05
2.109960e-02, 4.418100e-02, 2.040752e-03, 1.625429e-05
2.195765e-02, 4.372941e-02, 2.097005e-03, 1.060601e-05
2.291226e-02, 4.346255e-02, 1.697979e-03, 3.423434e-05
2.379629e-02, 4.305090e-02, 1.582481e-03, 1.035680e-05
2.454841e-02, 4.240603e-02, 1.964358e-03, 3.467792e-05
2.533866e-02, 4.183799e-02, 2.136556e-03, 4.171931e-06
2.625740e-02, 4.147860e-02, 1.780246e-03, 5.748578e-05
2.713563e-02, 4.104444e-02, 1.555145e-03, 8.102159e-06
2.785133e-02, 4.036620e-02, 1.878032e-03, 6.230736e-05
2.856541e-02, 3.969600e-02, 2.151075e-03, 1.150557e-07
2.943053e-02, 3.923554e-02, 1.868727e-03, 8.059564e-05
3.029862e-02, 3.876918e-02, 1.553763e-03, 6.493393e-07
3.098598e-02, 3.807029e-02, 1.789346e-03, 1.129573e-04
3.162061e-02, 3.731580e-02, 2.139289e-03, 6.075396e-06
3.241402e-02, 3.675123e-02, 1.955663e-03, 1.020281e-04
3.326290e-02, 3.624115e-02, 1.578457e-03, 3.779981e-05
3.392990e-02, 3.552927e-02, 1.706076e-03, 1.588854e-04
3.448715e-02, 3.470996e-02, 2.102231e-03, 5.036410e-05
3.519239e-02, 3.404420e-02, 2.033431e-03, 1.400159e-04
3.600839e-02, 3.347905e-02, 1.627061e-03, 1.986901e-04
3.666109e-02, 3.275667e-02, 1.635525e-03, 3.336145e-04
3.714786e-02, 3.189157e-02, 2.043152e-03, 2.648444e-04
3.775197e-02, 3.113321e-02, 2.095210e-03, 2.013660e-04
3.851778e-02, 3.050372e-02, 1.695313e-03, 9.502815e-04
3.915858e-02, 2.976878e-02, 1.583880e-03, 6.960359e-04
3.958548e-02, 2.887462e-02, 1.967232e-03, 2.639005e-03
4.008049e-02, 2.803689e-02, 2.135584e-03, 4.119789e-04
4.077660e-02, 2.733755e-02, 1.777227e-03, 1.488111e-02
-4.103061e-02, 2.750784e-02, 1.174506e-03, 8.967665e-07
-4.031206e-02, 2.819889e-02, 1.579251e-03, 7.429380e-07
-3.970656e-02, 2.896294e-02, 1.676394e-03, 2.113998e-07
-3.928172e-02, 2.986240e-02, 1.283392e-03, 1.651676e-06
-3.873942e-02, 3.067925e-02, 1.138740e-03, 3.118314e-07
-3.797950e-02, 3.132085e-02, 1.514255e-03, 1.211772e-06
-3.727978e-02, 3.200483e-02, 1.704303e-03, 4.478819e-08
-3.677020e-02, 3.285417e-02, 1.351763e-03, 1.523462e-06
-3.619766e-02, 3.365501e-02, 1.119097e-03, 4.917595e-09
-3.540758e-02, 3.425237e-02, 1.443509e-03, 1.736711e-06
-3.462661e-02, 3.485032e-02, 1.715394e-03, 2.682161e-09
-3.403043e-02, 3.563454e-02, 1.423849e-03, 1.444456e-06
-3.342201e-02, 3.641451e-02, 1.116720e-03, 5.154666e-08
-3.261028e-02, 3.697375e-02, 1.371136e-03, 1.889708e-06
-3.176256e-02, 3.748332e-02, 1.709021e-03, 5.248272e-08
-3.108155e-02, 3.818771e-02, 1.495452e-03, 1.410472e-06
-3.043129e-02, 3.893894e-02, 1.131748e-03, 1.143007e-07
-2.960342e-02, 3.946603e-02, 1.301349e-03, 1.801161e-06
-2.870396e-02, 3.988854e-02, 1.685556e-03, 2.354161e-07
-2.794348e-02, 4.049976e-02, 1.562402e-03, 1.260424e-06
-2.724613e-02, 4.121157e-02, 1.163307e-03, 7.051750e-07
-2.640474e-02, 4.171134e-02, 1.238215e-03, 1.576071e-06
-2.546793e-02, 4.205144e-02, 1.646365e-03, 5.581396e-07
-2.463669e-02, 4.255854e-02, 1.620799e-03, 1.015024e-06
-2.388865e-02, 4.321798e-02, 1.209557e-03, 1.618169e-06
-2.303385e-02, 4.369320e-02, 1.185409e-03, 1.394572e-06
-2.207256e-02, 4.395827e-02, 1.593731e-03, 1.118454e-06
-2.118199e-02, 4.435353e-02, 1.667241e-03, 5.731052e-07
-2.038209e-02, 4.494614e-02, 1.267806e-03, 2.913195e-06
-1.951218e-02, 4.539686e-02, 1.146008e-03, 9.153001e-07
-1.853702e-02, 4.559612e-02, 1.530720e-03, 1.899912e-06
-1.760041e-02, 4.587566e-02, 1.699025e-03, 1.998411e-07
-1.675047e-02, 4.638652e-02, 1.334660e-03, 3.102714e-06
-1.586278e-02, 4.680966e-02, 1.122307e-03, 3.223561e-07
-1.488164e-02, 4.695314e-02, 1.461000e-03, 2.770060e-06
-1.391315e-02, 4.711714e-02, 1.714298e-03, 1.419027e-08
-1.301816e-02, 4.753195e-02, 1.406226e-03, 3.205853e-06
-1.211003e-02, 4.792125e-02, 1.115685e-03, 5.674767e-08
-1.112797e-02, 4.801869e-02, 1.388634e-03, 3.664489e-06
-1.014160e-02, 4.807133e-02, 1.712172e-03, 8.685106e-08
-9.209627e-03, 4.837757e-02, 1.478335e-03, 2.957234e-06
-8.279381e-03, 4.872386e-02, 1.126529e-03, 8.914422e-07
-7.298838e-03, 4.878365e-02, 1.317836e-03, 4.742702e-06
-6.307394e-03, 4.873269e-02, 1.692769e-03, 4.285729e-07
-5.349151e-03, 4.892058e-02, 1.546787e-03, 2.583204e-06
-4.396909e-03, 4.921242e-02, 1.154207e-03, 1.743522e-06
-3.418196e-03, 4.924069e-02, 1.252729e-03, 3.956887e-06
-2.432518e-03, 4.909672e-02, 1.657220e-03, 1.230463e-06
-1.460629e-03, 4.916006e-02, 1.607596e-03, 2.193118e-06
-4.889722e-04, 4.938458e-02, 1.197106e-03, 2.762249e-06
4.889722e-04, 4.938458e-02, 1.197106e-03, 2.970108e-06
1.460629e-03, 4.916006e-02, 1.607596e-03, 2.533575e-06
2.432518e-03, 4.909672e-02, 1.657220e-03, 1.472247e-06
3.418196e-03, 4.924069e-02, 1.252729e-03, 5.053677e-06
4.396909e-03, 4.921242e-02, 1.154207e-03, 2.527107e-06
5.349151e-03, 4.892058e-02, 1.546787e-03, 4.119049e-06
6.307394e-03, 4.873269e-02, 1.692769e-03, 7.192071e-07
7.298838e-03, 4.878365e-02, 1.317836e-03, 8.515095e-06
8.279381e-03, 4.872386e-02, 1.126529e-03, 1.781936e-06
9.209627e-03, 4.837757e-02, 1.478335e-03, 6.528264e-06
1.014160e-02, 4.807133e-02, 1.712172e-03, 2.054457e-07
1.112797e-02, 4.801869e-02, 1.388634e-03, 8.888114e-06
1.211003e-02, 4.792125e-02, 1.115685e-03, 1.550197e-07
1.301816e-02, 4.753195e-02, 1.406226e-03, 9.888153e-06
1.391315e-02, 4.711714e-02, 1.714298e-03, 4.030958e-08
1.488164e-02, 4.695314e-02, 1.461000e-03, 9.450145e-06
1.586278e-02, 4.680966e-02, 1.122307e-03, 1.230249e-06
1.675047e-02, 4.638652e-02, 1.334660e-03, 1.355519e-05
1.760041e-02, 4.587566e-02, 1.699025e-03, 8.982251e-07
1.853702e-02, 4.559612e-02, 1.530720e-03, 9.307679e-06
1.951218e-02, 4.539686e-02, 1.146008e-03, 5.137685e-06
2.038209e-02, 4.494614e-02, 1.267806e-03, 1.851219e-05
2.118199e-02, 4.435353e-02, 1.667241e-03, 4.108077e-06
2.207256e-02, 4.395827e-02, 1.593731e-03, 8.066770e-06
2.303385e-02, 4.369320e-02, 1.185409e-03, 1.108184e-05
2.388865e-02, 4.321798e-02, 1.209557e-03, 1.524388e-05
2.463669e-02, 4.255854e-02, 1.620799e-03, 1.059517e-05
2.546793e-02, 4.205144e-02, 1.646365e-03, 6.131788e-06
2.640474e-02, 4.171134e-02, 1.238215e-03, 1.912156e-05
2.724613e-02, 4.121157e-02, 1.163307e-03, 1.032240e-05
2.794348e-02, 4.049976e-02, 1.562402e-03, 2.110631e-05
2.870396e-02, 3.988854e-02, 1.685556e-03, 4.212245e-06
2.960342e-02, 3.946603e-02, 1.301349e-03, 3.598304e-05
3.043129e-02, 3.893894e-02, 1.131748e-03, 3.173251e-06
3.108155e-02, 3.818771e-02, 1.495452e-03, 4.214267e-05
3.176256e-02, 3.748332e-02, 1.709021e-03, 1.650535e-06
3.261028e-02, 3.697375e-02, 1.371136e-03, 6.580887e-05
3.342201e-02, 3.641451e-02, 1.116720e-03, 2.290113e-06
3.403043e-02, 3.563454e-02, 1.423849e-03, 8.244308e-05
3.462661e-02, 3.485032e-02, 1.715394e-03, 1.721091e-07
3.540758e-02, 3.425237e-02, 1.443509e-03, 1.246640e-04
3.619766e-02, 3.365501e-02, 1.119097e-03, 4.544624e-07
3.677020e-02, 3.285417e-02, 1.351763e-03, 2.178606e-04
3.727978e-02, 3.200483e-02, 1.704303e-03, 7.874507e-06
3.797950e-02, 3.132085e-02, 1.514255e-03, 2.444940e-04
3.873942e-02, 3.067925e-02, 1.138740e-03, 9.602029e-05
3.928172e-02, 2.986240e-02, 1.283392e-03, 1.040135e-03
3.970656e-02, 2.896294e-02, 1.676394e-03, 2.121842e-04
4.031206e-02, 2.819889e-02, 1.579251e-03, 1.051149e-03
4.103061e-02, 2.750784e-02, 1.174506e-03, 3.560054e-03
-4.123953e-02, 2.764791e-02, 6.803265e-04, 1.437987e-08
-4.057268e-02, 2.838119e-02, 9.520462e-04, 4.277867e-07
-3.987146e-02, 2.908322e-02, 1.277066e-03, 7.721235e-09
-3.938386e-02, 2.994005e-02, 1.035664e-03, 3.815509e-07
-3.891953e-02, 3.082189e-02, 6.881264e-04, 4.486145e-08
-3.822099e-02, 3.152000e-02, 8.971095e-04, 3.335249e-07
-3.745014e-02, 3.215108e-02, 1.264141e-03, 3.155516e-08
-3.687134e-02, 3.294453e-02, 1.089395e-03, 3.119760e-07
-3.635216e-02, 3.379866e-02, 7.060630e-04, 9.290407e-08
-3.562584e-02, 3.446351e-02, 8.450515e-04, 4.374080e-07
-3.479680e-02, 3.502161e-02, 1.241349e-03, 5.638419e-08
-3.413175e-02, 3.574064e-02, 1.139327e-03, 2.725215e-07
-3.355458e-02, 3.655895e-02, 7.335133e-04, 1.840644e-07
-3.280288e-02, 3.719212e-02, 7.976802e-04, 3.655664e-07
-3.192691e-02, 3.767726e-02, 1.209480e-03, 1.151533e-07
-3.118274e-02, 3.831204e-02, 1.183726e-03, 2.207536e-07
-3.054555e-02, 3.908515e-02, 7.695239e-04, 3.773946e-07
-2.976952e-02, 3.968746e-02, 7.566408e-04, 5.005440e-07
-2.885723e-02, 4.010152e-02, 1.169641e-03, 2.336287e-07
-2.804293e-02, 4.064390e-02, 1.221049e-03, 1.248371e-07
-2.734522e-02, 4.136146e-02, 8.128443e-04, 5.822035e-07
-2.654481e-02, 4.193261e-02, 7.233585e-04, 2.636563e-07
-2.560574e-02, 4.227898e-02, 1.123216e-03, 4.315229e-07
-2.473181e-02, 4.272284e-02, 1.250001e-03, 4.593574e-08
-2.397487e-02, 4.337397e-02, 8.619699e-04, 3.795278e-07
-2.314934e-02, 4.391227e-02, 6.989893e-04, 8.123844e-09
-2.219166e-02, 4.419545e-02, 1.071817e-03, 6.212170e-07
-2.126960e-02, 4.453697e-02, 1.269576e-03, 2.041906e-08
-2.045674e-02, 4.511076e-02, 9.151947e-04, 6.284499e-07
-1.960508e-02, 4.561300e-02, 6.843794e-04, 2.178873e-08
-1.863539e-02, 4.583808e-02, 1.017230e-03, 7.519447e-07
-1.767721e-02, 4.607584e-02, 1.279093e-03, 4.978424e-09
-1.681379e-02, 4.656188e-02, 9.706700e-04, 6.954141e-07
-1.593518e-02, 4.702330e-02, 6.800363e-04, 1.302927e-08
-1.495846e-02, 4.719553e-02, 9.613491e-04, 6.676671e-07
-1.397615e-02, 4.733051e-02, 1.278224e-03, 2.843245e-09
-1.306949e-02, 4.771938e-02, 1.026469e-03, 1.015942e-06
-1.216374e-02, 4.813380e-02, 6.861108e-04, 2.803309e-08
-1.118344e-02, 4.825805e-02, 9.061163e-04, 9.265903e-07
-1.018846e-02, 4.829347e-02, 1.266997e-03, 4.235004e-08
-9.247644e-03, 4.857727e-02, 1.080655e-03, 9.366191e-07
-8.315652e-03, 4.893732e-02, 7.023919e-04, 4.463595e-07
-7.333853e-03, 4.901768e-02, 8.534495e-04, 1.098329e-06
-6.336651e-03, 4.895873e-02, 1.245803e-03, 2.074910e-07
-5.372212e-03, 4.913149e-02, 1.131345e-03, 6.559509e-07
-4.416255e-03, 4.942895e-02, 7.283142e-04, 4.263443e-07
-3.434001e-03, 4.946836e-02, 8.051777e-04, 1.003109e-06
-2.443670e-03, 4.932181e-02, 1.215378e-03, 3.480013e-07
-1.467159e-03, 4.937982e-02, 1.176779e-03, 4.697383e-07
-4.911654e-04, 4.960608e-02, 7.629774e-04, 7.654730e-07
4.911654e-04, 4.960608e-02, 7.629774e-04, 8.247429e-07
1.467159e-03, 4.937982e-02, 1.176779e-03, 5.435978e-07
2.443670e-03, 4.932181e-02, 1.215378e-03, 4.138255e-07
3.434001e-03, 4.946836e-02, 8.051777e-04, 1.266640e-06
4.416255e-03, 4.942895e-02, 7.283142e-04, 6.253921e-07
5.372212e-03, 4.913149e-02, 1.131345e-03, 1.045952e-06
6.336651e-03, 4.895873e-02, 1.245803e-03, 3.404934e-07
7.333853e-03, 4.901768e-02, 8.534495e-04, 1.898191e-06
8.315652e-03, 4.893732e-02, 7.023919e-04, 8.947051e-07
9.247644e-03, 4.857727e-02, 1.080655e-03, 2.069515e-06
1.018846e-02, 4.829347e-02, 1.266997e-03, 9.648073e-08
1.118344e-02, 4.825805e-02, 9.061163e-04, 2.214751e-06
1.216374e-02, 4.813380e-02, 6.861108e-04, 7.718047e-08
1.306949e-02, 4.771938e-02, 1.026469e-03, 3.140481e-06
1.397615e-02, 4.733051e-02, 1.278224e-03, 9.114005e-09
1.495846e-02, 4.719553e-02, 9.613491e-04, 2.230805e-06
1.593518e-02, 4.702330e-02, 6.800363e-04, 4.988952e-08
1.681379e-02, 4.656188e-02, 9.706700e-04, 3.056448e-06
1.767721e-02, 4.607584e-02, 1.279093e-03, 2.282765e-08
1.863539e-02, 4.583808e-02, 1.017230e-03, 3.589488e-06
1.960508e-02, 4.561300e-02, 6.843794e-04, 1.183120e-07
2.045674e-02, 4.511076e-02, 9.151947e-04, 4.007278e-06
2.126960e-02, 4.453697e-02, 1.269576e-03, 1.372939e-07
2.219166e-02, 4.419545e-02, 1.071817e-03, 4.343182e-06
2.314934e-02, 4.391227e-02, 6.989893e-04, 6.438306e-08
2.397487e-02, 4.337397e-02, 8.619699e-04, 3.622980e-06
2.473181e-02, 4.272284e-02, 1.250001e-03, 4.691932e-07
2.560574e-02, 4.227898e-02, 1.123216e-03, 4.584487e-06
2.654481e-02, 4.193261e-02, 7.233585e-04, 3.155425e-06
2.734522e-02, 4.136146e-02, 8.128443e-04, 8.691659e-06
2.804293e-02, 4.064390e-02, 1.221049e-03, 2.038372e-06
2.885723e-02, 4.010152e-02, 1.169641e-03, 3.982688e-06
2.976952e-02, 3.968746e-02, 7.566408e-04, 9.578279e-06
3.054555e-02, 3.908515e-02, 7.695239e-04, 9.397039e-06
3.118274e-02, 3.831204e-02, 1.183726e-03, 6.227508e-06
3.192691e-02, 3.767726e-02, 1.209480e-03, 3.419601e-06
3.280288e-02, 3.719212e-02, 7.976802e-04, 1.224946e-05
3.355458e-02, 3.655895e-02, 7.335133e-04, 8.433520e-06
3.413175e-02, 3.574064e-02, 1.139327e-03, 1.504371e-05
3.479680e-02, 3.502161e-02, 1.241349e-03, 3.331106e-06
3.562584e-02, 3.446351e-02, 8.450515e-04, 2.952657e-05
3.635216e-02, 3.379866e-02, 7.060630e-04, 9.373105e-06
3.687134e-02, 3.294453e-02, 1.089395e-03, 4.248642e-05
3.745014e-02, 3.215108e-02, 1.264141e-03, 4.781009e-06
3.822099e-02, 3.152000e-02, 8.971095e-04, 5.962592e-05
3.891953e-02, 3.082189e-02, 6.881264e-04, 1.461492e-05
3.938386e-02, 2.994005e-02, 1.035664e-03, 2.282734e-04
3.987146e-02, 2.908322e-02, 1.277066e-03, 5.816953e-06
4.057268e-02, 2.838119e-02, 9.520462e-04, 4.372371e-04
4.123953e-02, 2.764791e-02, 6.803265e-04, 6.642837e-05
