# 2D brain simulation: Stokes pressure variance in radial direction as a function of fluid path width
#
# --- Brain parameters (fixed) --- #
# lc = 2.000000e-04 
# arcLen = 0.100000 m
# r_brain = 0.010000 m
# d_ratio = NaN
# r_curv = 0.050000 m
# inner_perturb = (x,z) -> 0.001000 * sin(abs(x) * 6283.185307 - pi/2) * fld(mod2pi(abs(x) * 6283.185307 - pi/2),pi) 
# outer_perturb = (x,z) -> 0.0
# BS_points = 3000
# field_Lc_lim = (0.500000, 1.000000) 
# field_Dist_lim = (0.001000, 0.005000) m 
#
# --- PDE parameters (fixed=) --- #
# μ = 8.000000e-04 Pa*s
# Κ = 1.000000e-16 m^2
# α = (x) -> 1*μ/sqrt(Κ)
# ps0 = (x) -> x[1] < 0 ? 1*133.3224 : 0.
# ∇pd0 = (x) -> VectorValue(0.0, 0.0)
#
# --- Sampling --- #
# num_samples = 5
# num_rad_lines = 100
# width = [5.000e-03, 3.875e-03, 2.750e-03, 1.625e-03, 5.000e-04]
#
# --- Data --- #
mean_pos_x, mean_pos_y, rad_len, variance
-3.913206e-02, 2.623502e-02, 5.674857e-03, 6.923644e-02
-3.884011e-02, 2.716924e-02, 5.100807e-03, 2.758597e-01
-3.837565e-02, 2.799214e-02, 4.900000e-03, 1.318468e-02
-3.781386e-02, 2.874651e-02, 4.900000e-03, 1.469289e-03
-3.723724e-02, 2.948962e-02, 4.900000e-03, 5.915345e-04
-3.664603e-02, 3.022116e-02, 4.900000e-03, 1.007179e-02
-3.601097e-02, 3.091555e-02, 4.977684e-03, 1.632629e-01
-3.516331e-02, 3.141840e-02, 5.590420e-03, 7.875328e-02
-3.442377e-02, 3.200574e-02, 5.892270e-03, 1.145542e-03
-3.383538e-02, 3.273147e-02, 5.747315e-03, 3.090333e-02
-3.336618e-02, 3.358175e-02, 5.220826e-03, 2.742261e-01
-3.280549e-02, 3.435185e-02, 4.900000e-03, 1.313558e-02
-3.211887e-02, 3.499469e-02, 4.900000e-03, 3.171277e-03
-3.141965e-02, 3.562381e-02, 4.900000e-03, 6.793394e-04
-3.070812e-02, 3.623895e-02, 4.900000e-03, 3.387077e-03
-2.998454e-02, 3.683989e-02, 4.900000e-03, 3.379309e-02
-2.906592e-02, 3.719185e-02, 5.495309e-03, 9.421796e-02
-2.821162e-02, 3.761054e-02, 5.869199e-03, 7.938717e-03
-2.747963e-02, 3.818715e-02, 5.806673e-03, 2.115269e-02
-2.685180e-02, 3.891753e-02, 5.335884e-03, 1.690961e-01
-2.619613e-02, 3.962338e-02, 4.900000e-03, 3.812307e-02
-2.540643e-02, 4.013432e-02, 4.900000e-03, 2.703797e-03
-2.460676e-02, 4.062951e-02, 4.900000e-03, 2.141583e-05
-2.379744e-02, 4.110878e-02, 4.900000e-03, 5.461278e-03
-2.297880e-02, 4.157193e-02, 4.900000e-03, 3.808632e-02
-2.203665e-02, 4.180160e-02, 5.390994e-03, 1.768483e-01
-2.110588e-02, 4.203307e-02, 5.831144e-03, 1.413274e-02
-2.026496e-02, 4.243333e-02, 5.852013e-03, 1.002724e-02
-1.950499e-02, 4.301197e-02, 5.444204e-03, 1.151080e-01
-1.875695e-02, 4.363974e-02, 4.900000e-03, 2.239807e-02
-1.788917e-02, 4.400259e-02, 4.900000e-03, 4.266943e-03
-1.701438e-02, 4.434818e-02, 4.900000e-03, 3.216482e-05
-1.613292e-02, 4.467638e-02, 4.900000e-03, 3.158409e-03
-1.524514e-02, 4.498706e-02, 4.900000e-03, 1.117409e-02
-1.429411e-02, 4.509942e-02, 5.279088e-03, 1.851910e-01
-1.332756e-02, 4.513404e-02, 5.778693e-03, 2.460202e-02
-1.241753e-02, 4.533896e-02, 5.882635e-03, 2.683253e-03
-1.155883e-02, 4.574005e-02, 5.544110e-03, 1.019219e-01
-1.072183e-02, 4.626612e-02, 4.915552e-03, 5.160436e-02
-9.805231e-03, 4.647696e-02, 4.900000e-03, 9.883580e-03
-8.883033e-03, 4.666199e-02, 4.900000e-03, 5.376733e-04
-7.957352e-03, 4.682874e-02, 4.900000e-03, 1.868167e-03
-7.028551e-03, 4.697712e-02, 4.900000e-03, 2.237288e-02
-6.080223e-03, 4.697750e-02, 5.161322e-03, 2.818509e-01
-5.118880e-03, 4.681464e-02, 5.712658e-03, 4.370362e-02
-4.182665e-03, 4.681449e-02, 5.898066e-03, 1.621135e-03
-3.264027e-03, 4.701982e-02, 5.634059e-03, 5.646757e-02
-2.347073e-03, 4.737213e-02, 5.039515e-03, 2.542991e-01
-1.410684e-03, 4.747905e-02, 4.900000e-03, 5.647707e-03
-4.702893e-04, 4.749767e-02, 4.900000e-03, 1.625650e-03
4.702893e-04, 4.749767e-02, 4.900000e-03, 1.657771e-03
1.410684e-03, 4.747905e-02, 4.900000e-03, 5.400733e-03
2.347073e-03, 4.737213e-02, 5.039515e-03, 2.525420e-01
3.264027e-03, 4.701982e-02, 5.634059e-03, 5.669675e-02
4.182665e-03, 4.681449e-02, 5.898066e-03, 1.578414e-03
5.118880e-03, 4.681464e-02, 5.712658e-03, 4.440486e-02
6.080223e-03, 4.697750e-02, 5.161322e-03, 2.933865e-01
7.028551e-03, 4.697712e-02, 4.900000e-03, 2.234061e-02
7.957352e-03, 4.682874e-02, 4.900000e-03, 1.923019e-03
8.883033e-03, 4.666199e-02, 4.900000e-03, 4.896376e-04
9.805231e-03, 4.647696e-02, 4.900000e-03, 9.619817e-03
1.072183e-02, 4.626612e-02, 4.915552e-03, 5.454424e-02
1.155883e-02, 4.574005e-02, 5.544110e-03, 1.072500e-01
1.241753e-02, 4.533896e-02, 5.882635e-03, 2.424762e-03
1.332756e-02, 4.513404e-02, 5.778693e-03, 2.430282e-02
1.429411e-02, 4.509942e-02, 5.279088e-03, 1.805941e-01
1.524514e-02, 4.498706e-02, 4.900000e-03, 1.081613e-02
1.613292e-02, 4.467638e-02, 4.900000e-03, 2.990613e-03
1.701438e-02, 4.434818e-02, 4.900000e-03, 1.614168e-05
1.788917e-02, 4.400259e-02, 4.900000e-03, 4.912729e-03
1.875695e-02, 4.363974e-02, 4.900000e-03, 2.271843e-02
1.950499e-02, 4.301197e-02, 5.444204e-03, 1.145574e-01
2.026496e-02, 4.243333e-02, 5.852013e-03, 1.008392e-02
2.110588e-02, 4.203307e-02, 5.831144e-03, 1.450537e-02
2.203665e-02, 4.180160e-02, 5.390994e-03, 1.748722e-01
2.297880e-02, 4.157193e-02, 4.900000e-03, 3.560741e-02
2.379744e-02, 4.110878e-02, 4.900000e-03, 4.923289e-03
2.460676e-02, 4.062951e-02, 4.900000e-03, 2.397679e-05
2.540643e-02, 4.013432e-02, 4.900000e-03, 2.669892e-03
2.619613e-02, 3.962338e-02, 4.900000e-03, 3.656533e-02
2.685180e-02, 3.891753e-02, 5.335884e-03, 1.721312e-01
2.747963e-02, 3.818715e-02, 5.806673e-03, 2.107866e-02
2.821162e-02, 3.761054e-02, 5.869199e-03, 8.012644e-03
2.906592e-02, 3.719185e-02, 5.495309e-03, 9.228690e-02
2.998454e-02, 3.683989e-02, 4.900000e-03, 3.313811e-02
3.070812e-02, 3.623895e-02, 4.900000e-03, 3.301354e-03
3.141965e-02, 3.562381e-02, 4.900000e-03, 7.559417e-04
3.211887e-02, 3.499469e-02, 4.900000e-03, 3.394152e-03
3.280549e-02, 3.435185e-02, 4.900000e-03, 1.288302e-02
3.336618e-02, 3.358175e-02, 5.220826e-03, 2.819713e-01
3.383538e-02, 3.273147e-02, 5.747315e-03, 2.983789e-02
3.442377e-02, 3.200574e-02, 5.892270e-03, 1.038481e-03
3.516331e-02, 3.141840e-02, 5.590420e-03, 7.931301e-02
3.601097e-02, 3.091555e-02, 4.977684e-03, 1.631878e-01
3.664603e-02, 3.022116e-02, 4.900000e-03, 1.010827e-02
3.723724e-02, 2.948962e-02, 4.900000e-03, 4.680097e-04
3.781386e-02, 2.874651e-02, 4.900000e-03, 1.485853e-03
3.837565e-02, 2.799214e-02, 4.900000e-03, 1.458857e-02
3.884011e-02, 2.716924e-02, 5.100807e-03, 2.590476e-01
3.913206e-02, 2.623502e-02, 5.674857e-03, 6.703344e-02
-3.982193e-02, 2.669752e-02, 4.036235e-03, 2.207435e-01
-3.938331e-02, 2.754921e-02, 3.797500e-03, 2.117906e-02
-3.883009e-02, 2.832362e-02, 3.797500e-03, 2.499584e-03
-3.826165e-02, 2.908693e-02, 3.797500e-03, 5.818094e-04
-3.767821e-02, 2.983884e-02, 3.797500e-03, 9.803299e-04
-3.708000e-02, 3.057904e-02, 3.797500e-03, 4.469156e-03
-3.646724e-02, 3.130726e-02, 3.797500e-03, 1.892407e-02
-3.568554e-02, 3.188502e-02, 4.212272e-03, 1.297506e-01
-3.489660e-02, 3.244535e-02, 4.623530e-03, 2.363575e-02
-3.418533e-02, 3.307000e-02, 4.796019e-03, 8.993140e-04
-3.356475e-02, 3.378160e-02, 4.679879e-03, 2.403210e-02
-3.301745e-02, 3.457381e-02, 4.308682e-03, 8.482590e-02
-3.249922e-02, 3.540910e-02, 3.797500e-03, 2.504735e-02
-3.179173e-02, 3.604567e-02, 3.797500e-03, 3.770602e-03
-3.107176e-02, 3.666810e-02, 3.797500e-03, 1.822105e-03
-3.033962e-02, 3.727615e-02, 3.797500e-03, 6.597230e-05
-2.959558e-02, 3.786959e-02, 3.797500e-03, 1.561727e-03
-2.883993e-02, 3.844818e-02, 3.797500e-03, 1.701152e-02
-2.803448e-02, 3.895819e-02, 3.929311e-03, 2.695559e-01
-2.711723e-02, 3.930224e-02, 4.423592e-03, 7.869949e-02
-2.624731e-02, 3.970080e-02, 4.736897e-03, 1.079643e-02
-2.544489e-02, 4.019508e-02, 4.778663e-03, 5.531915e-03
-2.470666e-02, 4.079446e-02, 4.536817e-03, 3.700810e-02
-2.400817e-02, 4.147280e-02, 4.081267e-03, 2.101888e-01
-2.325091e-02, 4.206422e-02, 3.797500e-03, 1.825213e-02
-2.241345e-02, 4.251636e-02, 3.797500e-03, 5.162224e-03
-2.156721e-02, 4.295183e-02, 3.797500e-03, 1.647969e-04
-2.071250e-02, 4.337045e-02, 3.797500e-03, 4.640564e-04
-1.984968e-02, 4.377207e-02, 3.797500e-03, 8.030232e-03
-1.897907e-02, 4.415653e-02, 3.797500e-03, 3.343106e-02
-1.803099e-02, 4.435142e-02, 4.169381e-03, 1.440378e-01
-1.707280e-02, 4.450043e-02, 4.596343e-03, 3.580848e-02
-1.615502e-02, 4.473756e-02, 4.792395e-03, 8.377474e-04
-1.528070e-02, 4.509202e-02, 4.700865e-03, 1.174644e-02
-1.443813e-02, 4.555383e-02, 4.348212e-03, 1.008105e-01
-1.360578e-02, 4.607623e-02, 3.836371e-03, 6.575715e-02
-1.269590e-02, 4.635534e-02, 3.797500e-03, 1.338400e-02
-1.177555e-02, 4.659764e-02, 3.797500e-03, 1.308124e-03
-1.085057e-02, 4.682167e-02, 3.797500e-03, 1.151682e-04
-9.921346e-03, 4.702734e-02, 3.797500e-03, 2.529033e-03
-8.988227e-03, 4.721457e-02, 3.797500e-03, 8.297291e-03
-8.044428e-03, 4.734117e-02, 3.882934e-03, 1.817728e-01
-7.068204e-03, 4.724215e-02, 4.386543e-03, 7.360162e-02
-6.109998e-03, 4.720755e-02, 4.719885e-03, 1.458843e-02
-5.170432e-03, 4.728611e-02, 4.786605e-03, 1.419755e-03
-4.242874e-03, 4.748838e-02, 4.567418e-03, 4.302010e-02
-3.317035e-03, 4.778342e-02, 4.125681e-03, 1.772443e-01
-2.378360e-03, 4.800362e-02, 3.797500e-03, 1.896148e-02
-1.427389e-03, 4.804130e-02, 3.797500e-03, 2.629905e-03
-4.758586e-04, 4.806014e-02, 3.797500e-03, 5.940432e-04
4.758586e-04, 4.806014e-02, 3.797500e-03, 7.869380e-04
1.427389e-03, 4.804130e-02, 3.797500e-03, 2.796839e-03
2.378360e-03, 4.800362e-02, 3.797500e-03, 2.024354e-02
3.317035e-03, 4.778342e-02, 4.125681e-03, 1.688806e-01
4.242874e-03, 4.748838e-02, 4.567418e-03, 4.104021e-02
5.170432e-03, 4.728611e-02, 4.786605e-03, 1.433632e-03
6.109998e-03, 4.720755e-02, 4.719885e-03, 1.356490e-02
7.068204e-03, 4.724215e-02, 4.386543e-03, 7.357842e-02
8.044428e-03, 4.734117e-02, 3.882934e-03, 1.798974e-01
8.988227e-03, 4.721457e-02, 3.797500e-03, 7.883430e-03
9.921346e-03, 4.702734e-02, 3.797500e-03, 2.731784e-03
1.085057e-02, 4.682167e-02, 3.797500e-03, 6.760790e-05
1.177555e-02, 4.659764e-02, 3.797500e-03, 1.105428e-03
1.269590e-02, 4.635534e-02, 3.797500e-03, 1.334860e-02
1.360578e-02, 4.607623e-02, 3.836371e-03, 6.846325e-02
1.443813e-02, 4.555383e-02, 4.348212e-03, 9.865807e-02
1.528070e-02, 4.509202e-02, 4.700865e-03, 1.266907e-02
1.615502e-02, 4.473756e-02, 4.792395e-03, 8.360978e-04
1.707280e-02, 4.450043e-02, 4.596343e-03, 3.574984e-02
1.803099e-02, 4.435142e-02, 4.169381e-03, 1.433131e-01
1.897907e-02, 4.415653e-02, 3.797500e-03, 3.137044e-02
1.984968e-02, 4.377207e-02, 3.797500e-03, 8.012744e-03
2.071250e-02, 4.337045e-02, 3.797500e-03, 4.390921e-04
2.156721e-02, 4.295183e-02, 3.797500e-03, 1.712495e-04
2.241345e-02, 4.251636e-02, 3.797500e-03, 5.313987e-03
2.325091e-02, 4.206422e-02, 3.797500e-03, 1.773176e-02
2.400817e-02, 4.147280e-02, 4.081267e-03, 2.120780e-01
2.470666e-02, 4.079446e-02, 4.536817e-03, 3.624443e-02
2.544489e-02, 4.019508e-02, 4.778663e-03, 5.268489e-03
2.624731e-02, 3.970080e-02, 4.736897e-03, 1.080789e-02
2.711723e-02, 3.930224e-02, 4.423592e-03, 8.154714e-02
2.803448e-02, 3.895819e-02, 3.929311e-03, 2.756385e-01
2.883993e-02, 3.844818e-02, 3.797500e-03, 1.715243e-02
2.959558e-02, 3.786959e-02, 3.797500e-03, 1.492251e-03
3.033962e-02, 3.727615e-02, 3.797500e-03, 1.398532e-04
3.107176e-02, 3.666810e-02, 3.797500e-03, 2.113540e-03
3.179173e-02, 3.604567e-02, 3.797500e-03, 3.712301e-03
3.249922e-02, 3.540910e-02, 3.797500e-03, 2.520300e-02
3.301745e-02, 3.457381e-02, 4.308682e-03, 8.457506e-02
3.356475e-02, 3.378160e-02, 4.679879e-03, 2.512187e-02
3.418533e-02, 3.307000e-02, 4.796019e-03, 9.012857e-04
3.489660e-02, 3.244535e-02, 4.623530e-03, 2.448607e-02
3.568554e-02, 3.188502e-02, 4.212272e-03, 1.278514e-01
3.646724e-02, 3.130726e-02, 3.797500e-03, 1.922168e-02
3.708000e-02, 3.057904e-02, 3.797500e-03, 5.016501e-03
3.767821e-02, 2.983884e-02, 3.797500e-03, 9.019183e-04
3.826165e-02, 2.908693e-02, 3.797500e-03, 4.353352e-04
3.883009e-02, 2.832362e-02, 3.797500e-03, 2.476317e-03
3.938331e-02, 2.754921e-02, 3.797500e-03, 2.070807e-02
3.982193e-02, 2.669752e-02, 4.036235e-03, 2.154466e-01
-4.038830e-02, 2.707722e-02, 2.695000e-03, 1.414527e-02
-3.984423e-02, 2.787163e-02, 2.695000e-03, 3.605686e-03
-3.928454e-02, 2.865511e-02, 2.695000e-03, 3.131664e-04
-3.870945e-02, 2.942735e-02, 2.695000e-03, 6.519326e-06
-3.811918e-02, 3.018806e-02, 2.695000e-03, 6.821744e-04
-3.751396e-02, 3.093693e-02, 2.695000e-03, 5.789737e-03
-3.689403e-02, 3.167366e-02, 2.695000e-03, 1.754481e-02
-3.622490e-02, 3.236694e-02, 2.788179e-03, 1.553097e-01
-3.543622e-02, 3.294706e-02, 3.172387e-03, 6.974435e-02
-3.466650e-02, 3.353547e-02, 3.479594e-03, 2.884633e-02
-3.393201e-02, 3.415124e-02, 3.660252e-03, 3.463719e-03
-3.324052e-02, 3.480739e-02, 3.685220e-03, 1.517637e-03
-3.259035e-02, 3.550839e-02, 3.550472e-03, 1.481953e-02
-3.197107e-02, 3.624901e-02, 3.277741e-03, 6.024345e-02
-3.136559e-02, 3.701484e-02, 2.911018e-03, 1.523654e-01
-3.069470e-02, 3.771241e-02, 2.695000e-03, 2.246685e-02
-2.994195e-02, 3.831279e-02, 2.695000e-03, 2.882029e-03
-2.917746e-02, 3.889815e-02, 2.695000e-03, 1.218386e-03
-2.840153e-02, 3.946826e-02, 2.695000e-03, 8.928486e-05
-2.761446e-02, 4.002289e-02, 2.695000e-03, 3.234498e-04
-2.681657e-02, 4.056183e-02, 2.695000e-03, 6.189932e-04
-2.600816e-02, 4.108487e-02, 2.695000e-03, 1.094400e-02
-2.518955e-02, 4.159179e-02, 2.695000e-03, 2.773325e-02
-2.429185e-02, 4.196285e-02, 2.971302e-03, 1.498187e-01
-2.337013e-02, 4.227990e-02, 3.327136e-03, 4.162450e-02
-2.246918e-02, 4.262207e-02, 3.581011e-03, 1.302765e-02
-2.159593e-02, 4.300903e-02, 3.691978e-03, 5.081159e-04
-2.075083e-02, 4.345070e-02, 3.642138e-03, 7.203935e-03
-1.992824e-02, 4.394532e-02, 3.439531e-03, 2.532017e-02
-1.911790e-02, 4.447954e-02, 3.116835e-03, 9.159155e-02
-1.830701e-02, 4.503035e-02, 2.726100e-03, 5.974233e-02
-1.741736e-02, 4.539853e-02, 2.695000e-03, 1.590621e-02
-1.651502e-02, 4.573450e-02, 2.695000e-03, 2.988933e-03
-1.560621e-02, 4.605255e-02, 2.695000e-03, 3.299300e-04
-1.469128e-02, 4.635253e-02, 2.695000e-03, 3.048807e-05
-1.377058e-02, 4.663434e-02, 2.695000e-03, 1.299357e-03
-1.284449e-02, 4.689786e-02, 2.695000e-03, 1.124065e-03
-1.191336e-02, 4.714300e-02, 2.695000e-03, 1.579465e-02
-1.097055e-02, 4.733937e-02, 2.757170e-03, 8.277508e-02
-9.991032e-03, 4.735766e-02, 3.144828e-03, 9.799635e-02
-9.021895e-03, 4.739143e-02, 3.459933e-03, 2.703433e-02
-8.065685e-03, 4.746627e-02, 3.651658e-03, 3.654415e-03
-7.121470e-03, 4.759816e-02, 3.689080e-03, 3.249176e-04
-6.185486e-03, 4.779079e-02, 3.566163e-03, 1.452499e-02
-5.252300e-03, 4.803483e-02, 3.302733e-03, 4.964835e-02
-4.316231e-03, 4.830943e-02, 2.941279e-03, 1.525903e-01
-3.367352e-03, 4.850826e-02, 2.695000e-03, 1.560159e-02
-2.406195e-03, 4.856543e-02, 2.695000e-03, 8.511954e-03
-1.444095e-03, 4.860355e-02, 2.695000e-03, 1.654231e-03
-4.814278e-04, 4.862262e-02, 2.695000e-03, 9.857653e-05
4.814278e-04, 4.862262e-02, 2.695000e-03, 1.002199e-04
1.444095e-03, 4.860355e-02, 2.695000e-03, 1.630629e-03
2.406195e-03, 4.856543e-02, 2.695000e-03, 8.506616e-03
3.367352e-03, 4.850826e-02, 2.695000e-03, 1.541382e-02
4.316231e-03, 4.830943e-02, 2.941279e-03, 1.481277e-01
5.252300e-03, 4.803483e-02, 3.302733e-03, 5.083704e-02
6.185486e-03, 4.779079e-02, 3.566163e-03, 1.480985e-02
7.121470e-03, 4.759816e-02, 3.689080e-03, 3.393945e-04
8.065685e-03, 4.746627e-02, 3.651658e-03, 3.531023e-03
9.021895e-03, 4.739143e-02, 3.459933e-03, 2.707465e-02
9.991032e-03, 4.735766e-02, 3.144828e-03, 9.408840e-02
1.097055e-02, 4.733937e-02, 2.757170e-03, 8.325008e-02
1.191336e-02, 4.714300e-02, 2.695000e-03, 1.575122e-02
1.284449e-02, 4.689786e-02, 2.695000e-03, 1.122697e-03
1.377058e-02, 4.663434e-02, 2.695000e-03, 1.319125e-03
1.469128e-02, 4.635253e-02, 2.695000e-03, 2.126826e-05
1.560621e-02, 4.605255e-02, 2.695000e-03, 3.238619e-04
1.651502e-02, 4.573450e-02, 2.695000e-03, 2.965606e-03
1.741736e-02, 4.539853e-02, 2.695000e-03, 1.582137e-02
1.830701e-02, 4.503035e-02, 2.726100e-03, 6.326539e-02
1.911790e-02, 4.447954e-02, 3.116835e-03, 9.213725e-02
1.992824e-02, 4.394532e-02, 3.439531e-03, 2.619047e-02
2.075083e-02, 4.345070e-02, 3.642138e-03, 7.274689e-03
2.159593e-02, 4.300903e-02, 3.691978e-03, 4.747181e-04
2.246918e-02, 4.262207e-02, 3.581011e-03, 1.224796e-02
2.337013e-02, 4.227990e-02, 3.327136e-03, 4.236401e-02
2.429185e-02, 4.196285e-02, 2.971302e-03, 1.509659e-01
2.518955e-02, 4.159179e-02, 2.695000e-03, 2.904878e-02
2.600816e-02, 4.108487e-02, 2.695000e-03, 1.079393e-02
2.681657e-02, 4.056183e-02, 2.695000e-03, 5.862870e-04
2.761446e-02, 4.002289e-02, 2.695000e-03, 3.422507e-04
2.840153e-02, 3.946826e-02, 2.695000e-03, 8.253610e-05
2.917746e-02, 3.889815e-02, 2.695000e-03, 1.173213e-03
2.994195e-02, 3.831279e-02, 2.695000e-03, 3.221706e-03
3.069470e-02, 3.771241e-02, 2.695000e-03, 2.238716e-02
3.136559e-02, 3.701484e-02, 2.911018e-03, 1.452196e-01
3.197107e-02, 3.624901e-02, 3.277741e-03, 6.148028e-02
3.259035e-02, 3.550839e-02, 3.550472e-03, 1.478209e-02
3.324052e-02, 3.480739e-02, 3.685220e-03, 1.508343e-03
3.393201e-02, 3.415124e-02, 3.660252e-03, 3.509471e-03
3.466650e-02, 3.353547e-02, 3.479594e-03, 2.835960e-02
3.543622e-02, 3.294706e-02, 3.172387e-03, 7.777572e-02
3.622490e-02, 3.236694e-02, 2.788179e-03, 1.548936e-01
3.689403e-02, 3.167366e-02, 2.695000e-03, 1.752956e-02
3.751396e-02, 3.093693e-02, 2.695000e-03, 6.385677e-03
3.811918e-02, 3.018806e-02, 2.695000e-03, 6.603740e-04
3.870945e-02, 2.942735e-02, 2.695000e-03, 6.152413e-06
3.928454e-02, 2.865511e-02, 2.695000e-03, 3.874796e-04
3.984423e-02, 2.787163e-02, 2.695000e-03, 3.458708e-03
4.038830e-02, 2.707722e-02, 2.695000e-03, 1.383662e-02
-4.085551e-02, 2.739046e-02, 1.592500e-03, 4.353828e-04
-4.030515e-02, 2.819405e-02, 1.592500e-03, 1.745298e-04
-3.973899e-02, 2.898660e-02, 1.592500e-03, 1.074216e-05
-3.915725e-02, 2.976777e-02, 1.592500e-03, 1.195397e-04
-3.856015e-02, 3.053728e-02, 1.592500e-03, 4.653608e-04
-3.794793e-02, 3.129481e-02, 1.592500e-03, 2.713724e-03
-3.732083e-02, 3.204007e-02, 1.592500e-03, 9.453727e-03
-3.667910e-02, 3.277276e-02, 1.592500e-03, 1.483532e-02
-3.601444e-02, 3.348467e-02, 1.615827e-03, 2.774240e-02
-3.525077e-02, 3.410067e-02, 1.876267e-03, 7.359151e-02
-3.448381e-02, 3.470660e-02, 2.116986e-03, 4.013489e-02
-3.371929e-02, 3.530873e-02, 2.321256e-03, 1.772570e-02
-3.296161e-02, 3.591289e-02, 2.474879e-03, 5.457928e-03
-3.221352e-02, 3.652389e-02, 2.567180e-03, 1.508236e-03
-3.147606e-02, 3.714521e-02, 2.591744e-03, 3.191398e-05
-3.074856e-02, 3.777858e-02, 2.546864e-03, 3.388599e-03
-3.002873e-02, 3.842383e-02, 2.435659e-03, 9.099166e-03
-2.931296e-02, 3.907880e-02, 2.265858e-03, 2.253419e-02
-2.859669e-02, 3.973946e-02, 2.049260e-03, 5.429094e-02
-2.787473e-02, 4.040011e-02, 1.800919e-03, 8.469325e-02
-2.712679e-02, 4.103106e-02, 1.592500e-03, 1.990154e-02
-2.630902e-02, 4.156014e-02, 1.592500e-03, 9.288422e-03
-2.548095e-02, 4.207293e-02, 1.592500e-03, 3.787902e-03
-2.464288e-02, 4.256922e-02, 1.592500e-03, 1.462070e-03
-2.379515e-02, 4.304882e-02, 1.592500e-03, 4.197847e-04
-2.293809e-02, 4.351154e-02, 1.592500e-03, 1.114978e-04
-2.207203e-02, 4.395720e-02, 1.592500e-03, 1.488929e-05
-2.119732e-02, 4.438563e-02, 1.592500e-03, 2.169078e-04
-2.031430e-02, 4.479665e-02, 1.592500e-03, 6.204907e-04
-1.942331e-02, 4.519010e-02, 1.592500e-03, 1.092109e-03
-1.852471e-02, 4.556583e-02, 1.592500e-03, 5.179890e-03
-1.761884e-02, 4.592370e-02, 1.592500e-03, 1.680856e-02
-1.669156e-02, 4.622339e-02, 1.677934e-03, 6.856064e-02
-1.573173e-02, 4.642294e-02, 1.935332e-03, 6.418493e-02
-1.477415e-02, 4.661401e-02, 2.168904e-03, 2.883009e-02
-1.382086e-02, 4.680461e-02, 2.362418e-03, 1.482953e-02
-1.287290e-02, 4.700158e-02, 2.502425e-03, 5.810628e-03
-1.193031e-02, 4.721004e-02, 2.579196e-03, 4.970521e-04
-1.099225e-02, 4.743302e-02, 2.587395e-03, 3.424497e-04
-1.005718e-02, 4.767119e-02, 2.526451e-03, 3.254156e-03
-9.123053e-03, 4.792280e-02, 2.400602e-03, 1.303376e-02
-8.187605e-03, 4.818377e-02, 2.218592e-03, 2.890052e-02
-7.248613e-03, 4.844796e-02, 1.993071e-03, 5.255891e-02
-6.304150e-03, 4.870762e-02, 1.739711e-03, 8.332924e-02
-5.346470e-03, 4.889607e-02, 1.592500e-03, 1.802086e-02
-4.377246e-03, 4.899235e-02, 1.592500e-03, 1.224130e-02
-3.406306e-03, 4.906941e-02, 1.592500e-03, 4.196485e-03
-2.434030e-03, 4.912724e-02, 1.592500e-03, 5.282734e-04
-1.460800e-03, 4.916580e-02, 1.592500e-03, 3.242188e-04
-4.869970e-04, 4.918509e-02, 1.592500e-03, 8.771362e-05
4.869970e-04, 4.918509e-02, 1.592500e-03, 6.813109e-05
1.460800e-03, 4.916580e-02, 1.592500e-03, 3.269133e-04
2.434030e-03, 4.912724e-02, 1.592500e-03, 5.406300e-04
3.406306e-03, 4.906941e-02, 1.592500e-03, 4.197383e-03
4.377246e-03, 4.899235e-02, 1.592500e-03, 1.283847e-02
5.346470e-03, 4.889607e-02, 1.592500e-03, 1.783492e-02
6.304150e-03, 4.870762e-02, 1.739711e-03, 8.328487e-02
7.248613e-03, 4.844796e-02, 1.993071e-03, 5.198032e-02
8.187605e-03, 4.818377e-02, 2.218592e-03, 2.919017e-02
9.123053e-03, 4.792280e-02, 2.400602e-03, 1.289866e-02
1.005718e-02, 4.767119e-02, 2.526451e-03, 3.187386e-03
1.099225e-02, 4.743302e-02, 2.587395e-03, 3.416620e-04
1.193031e-02, 4.721004e-02, 2.579196e-03, 4.986605e-04
1.287290e-02, 4.700158e-02, 2.502425e-03, 5.810674e-03
1.382086e-02, 4.680461e-02, 2.362418e-03, 1.482691e-02
1.477415e-02, 4.661401e-02, 2.168904e-03, 2.874678e-02
1.573173e-02, 4.642294e-02, 1.935332e-03, 6.438980e-02
1.669156e-02, 4.622339e-02, 1.677934e-03, 6.858838e-02
1.761884e-02, 4.592370e-02, 1.592500e-03, 1.679488e-02
1.852471e-02, 4.556583e-02, 1.592500e-03, 5.188107e-03
1.942331e-02, 4.519010e-02, 1.592500e-03, 1.092125e-03
2.031430e-02, 4.479665e-02, 1.592500e-03, 6.214450e-04
2.119732e-02, 4.438563e-02, 1.592500e-03, 2.169156e-04
2.207203e-02, 4.395720e-02, 1.592500e-03, 1.222603e-05
2.293809e-02, 4.351154e-02, 1.592500e-03, 1.090150e-04
2.379515e-02, 4.304882e-02, 1.592500e-03, 4.205186e-04
2.464288e-02, 4.256922e-02, 1.592500e-03, 1.461312e-03
2.548095e-02, 4.207293e-02, 1.592500e-03, 3.581350e-03
2.630902e-02, 4.156014e-02, 1.592500e-03, 9.280125e-03
2.712679e-02, 4.103106e-02, 1.592500e-03, 1.983986e-02
2.787473e-02, 4.040011e-02, 1.800919e-03, 9.217108e-02
2.859669e-02, 3.973946e-02, 2.049260e-03, 5.335032e-02
2.931296e-02, 3.907880e-02, 2.265858e-03, 2.289315e-02
3.002873e-02, 3.842383e-02, 2.435659e-03, 9.070696e-03
3.074856e-02, 3.777858e-02, 2.546864e-03, 3.419491e-03
3.147606e-02, 3.714521e-02, 2.591744e-03, 3.051582e-05
3.221352e-02, 3.652389e-02, 2.567180e-03, 1.513934e-03
3.296161e-02, 3.591289e-02, 2.474879e-03, 5.370412e-03
3.371929e-02, 3.530873e-02, 2.321256e-03, 1.778181e-02
3.448381e-02, 3.470660e-02, 2.116986e-03, 4.000116e-02
3.525077e-02, 3.410067e-02, 1.876267e-03, 7.998088e-02
3.601444e-02, 3.348467e-02, 1.615827e-03, 2.688039e-02
3.667910e-02, 3.277276e-02, 1.592500e-03, 1.443959e-02
3.732083e-02, 3.204007e-02, 1.592500e-03, 9.435748e-03
3.794793e-02, 3.129481e-02, 1.592500e-03, 2.238147e-03
3.856015e-02, 3.053728e-02, 1.592500e-03, 4.580106e-04
3.915725e-02, 2.976777e-02, 1.592500e-03, 1.143421e-04
3.973899e-02, 2.898660e-02, 1.592500e-03, 1.087265e-05
4.030515e-02, 2.819405e-02, 1.592500e-03, 1.914710e-04
4.085551e-02, 2.739046e-02, 1.592500e-03, 4.478779e-04
