# 2D brain simulation: Stokes pressure variance in radial direction as a function of fluid path width
#
# --- Brain parameters (fixed) --- #
# lc = 1.000000e-03 
# arcLen = 0.100000 m
# r_brain = 0.010000 m
# d_ratio = NaN
# r_curv = 0.050000 m
# inner_perturb = (x,z) -> 0.3e-3 * cos(2*pi * abs(x) * 154.639175)
# outer_perturb = (x,z) -> 0.0
# BS_points = 1000
# field_Lc_lim = (0.500000, 1.000000) 
# field_Dist_lim = (0.001000, 0.005000) m 
#
# --- PDE parameters (fixed=) --- #
# μ = 8.000000e-04 Pa*s
# Κ = 1.000000e-16 m^2
# α = (x) -> 1*μ/sqrt(Κ)
# ps0 = (x) -> x[1] < 0 ? 1*133.3224 : 0.
# ∇pd0 = (x) -> VectorValue(0.0, 0.0)
#
# --- Sampling --- #
# num_samples = 10
# num_rad_lines = 100
# width = [5.000e-03, 4.500e-03, 4.000e-03, 3.500e-03, 3.000e-03, 2.500e-03, 2.000e-03, 1.500e-03, 1.000e-03, 5.000e-04]
#
# --- Data --- #
mean_pos_x, mean_pos_y, rad_len, variance
-3.950759e-02, 2.648678e-02, 4.770622e-03, 1.734924e-01
-3.887228e-02, 2.719173e-02, 5.022305e-03, 1.553837e-01
-3.825935e-02, 2.790731e-02, 5.187892e-03, 1.439408e-02
-3.771402e-02, 2.867062e-02, 5.150818e-03, 4.900609e-02
-3.722267e-02, 2.947808e-02, 4.937182e-03, 1.815884e-01
-3.672419e-02, 3.028562e-02, 4.697371e-03, 1.128267e-01
-3.615418e-02, 3.103850e-02, 4.600200e-03, 8.701904e-04
-3.549005e-02, 3.171035e-02, 4.714073e-03, 1.278038e-01
-3.476558e-02, 3.232353e-02, 4.958828e-03, 1.790050e-01
-3.404566e-02, 3.293489e-02, 5.162171e-03, 4.252178e-02
-3.338023e-02, 3.359589e-02, 5.180960e-03, 2.088946e-02
-3.277028e-02, 3.431498e-02, 5.001968e-03, 1.608739e-01
-3.216918e-02, 3.504950e-02, 4.751196e-03, 1.507942e-01
-3.151716e-02, 3.573436e-02, 4.605174e-03, 7.593532e-03
-3.078353e-02, 3.632795e-02, 4.666694e-03, 8.097762e-02
-2.998692e-02, 3.684282e-02, 4.892449e-03, 1.920597e-01
-2.918039e-02, 3.733832e-02, 5.123520e-03, 7.733930e-02
-2.841322e-02, 3.787931e-02, 5.197244e-03, 3.535872e-03
-2.769719e-02, 3.848948e-02, 5.061725e-03, 1.288435e-01
-2.700045e-02, 3.913298e-02, 4.812360e-03, 1.814788e-01
-2.627205e-02, 3.973821e-02, 4.624689e-03, 4.000332e-02
-2.547842e-02, 4.024804e-02, 4.630822e-03, 4.091343e-02
-2.462581e-02, 4.066097e-02, 4.826443e-03, 1.896003e-01
-2.375390e-02, 4.103355e-02, 5.073844e-03, 1.149293e-01
-2.290650e-02, 4.144114e-02, 5.198868e-03, 1.201620e-03
-2.210135e-02, 4.192434e-02, 5.113505e-03, 8.399660e-02
-2.131977e-02, 4.245904e-02, 4.877846e-03, 1.955989e-01
-2.052229e-02, 4.297215e-02, 4.657782e-03, 7.580193e-02
-1.967762e-02, 4.339265e-02, 4.608227e-03, 1.486752e-02
-1.878379e-02, 4.370218e-02, 4.764064e-03, 1.595663e-01
-1.786741e-02, 4.394904e-02, 5.015593e-03, 1.549349e-01
-1.696321e-02, 4.421478e-02, 5.185751e-03, 1.621251e-02
-1.608966e-02, 4.455657e-02, 5.154755e-03, 4.674499e-02
-1.523801e-02, 4.496602e-02, 4.944425e-03, 1.814614e-01
-1.438116e-02, 4.537409e-02, 4.702822e-03, 1.164249e-01
-1.349446e-02, 4.569924e-02, 4.600022e-03, 1.861798e-04
-1.257263e-02, 4.590523e-02, 4.708391e-03, 1.202081e-01
-1.163141e-02, 4.602725e-02, 4.951642e-03, 1.811786e-01
-1.069440e-02, 4.614776e-02, 5.158540e-03, 4.437537e-02
-9.775977e-03, 4.633829e-02, 5.183440e-03, 1.866615e-02
-8.872859e-03, 4.660855e-02, 5.008813e-03, 1.592974e-01
-7.969281e-03, 4.689894e-02, 4.757588e-03, 1.547211e-01
-7.050257e-03, 4.712220e-02, 4.606613e-03, 1.259013e-02
-6.112258e-03, 4.722501e-02, 4.662167e-03, 7.772923e-02
-5.163854e-03, 4.722595e-02, 4.885143e-03, 1.935793e-01
-4.217348e-03, 4.720269e-02, 5.118577e-03, 7.990992e-02
-3.279121e-03, 4.723725e-02, 5.198145e-03, 2.443366e-03
-2.346372e-03, 4.735799e-02, 5.067834e-03, 1.219077e-01
-1.411881e-03, 4.751934e-02, 4.819377e-03, 1.826921e-01
-4.716375e-04, 4.763383e-02, 4.627674e-03, 4.097747e-02
4.716375e-04, 4.763383e-02, 4.627674e-03, 3.952191e-02
1.411881e-03, 4.751934e-02, 4.819377e-03, 1.870007e-01
2.346372e-03, 4.735799e-02, 5.067834e-03, 1.226995e-01
3.279121e-03, 4.723725e-02, 5.198145e-03, 2.249146e-03
4.217348e-03, 4.720269e-02, 5.118577e-03, 7.973740e-02
5.163854e-03, 4.722595e-02, 4.885143e-03, 1.889447e-01
6.112258e-03, 4.722501e-02, 4.662167e-03, 7.734298e-02
7.050257e-03, 4.712220e-02, 4.606613e-03, 1.158631e-02
7.969281e-03, 4.689894e-02, 4.757588e-03, 1.564195e-01
8.872859e-03, 4.660855e-02, 5.008813e-03, 1.601147e-01
9.775977e-03, 4.633829e-02, 5.183440e-03, 1.866082e-02
1.069440e-02, 4.614776e-02, 5.158540e-03, 4.424719e-02
1.163141e-02, 4.602725e-02, 4.951642e-03, 1.804430e-01
1.257263e-02, 4.590523e-02, 4.708391e-03, 1.208807e-01
1.349446e-02, 4.569924e-02, 4.600022e-03, 4.134766e-05
1.438116e-02, 4.537409e-02, 4.702822e-03, 1.181383e-01
1.523801e-02, 4.496602e-02, 4.944425e-03, 1.811419e-01
1.608966e-02, 4.455657e-02, 5.154755e-03, 4.762264e-02
1.696321e-02, 4.421478e-02, 5.185751e-03, 1.629198e-02
1.786741e-02, 4.394904e-02, 5.015593e-03, 1.547317e-01
1.878379e-02, 4.370218e-02, 4.764064e-03, 1.601557e-01
1.967762e-02, 4.339265e-02, 4.608227e-03, 1.319358e-02
2.052229e-02, 4.297215e-02, 4.657782e-03, 7.482268e-02
2.131977e-02, 4.245904e-02, 4.877846e-03, 1.912503e-01
2.210135e-02, 4.192434e-02, 5.113505e-03, 8.574419e-02
2.290650e-02, 4.144114e-02, 5.198868e-03, 1.274358e-03
2.375390e-02, 4.103355e-02, 5.073844e-03, 1.159362e-01
2.462581e-02, 4.066097e-02, 4.826443e-03, 1.878200e-01
2.547842e-02, 4.024804e-02, 4.630822e-03, 4.157765e-02
2.627205e-02, 3.973821e-02, 4.624689e-03, 3.958724e-02
2.700045e-02, 3.913298e-02, 4.812360e-03, 1.798125e-01
2.769719e-02, 3.848948e-02, 5.061725e-03, 1.286134e-01
2.841322e-02, 3.787931e-02, 5.197244e-03, 3.301879e-03
2.918039e-02, 3.733832e-02, 5.123520e-03, 7.691929e-02
2.998692e-02, 3.684282e-02, 4.892449e-03, 1.912649e-01
3.078353e-02, 3.632795e-02, 4.666694e-03, 8.012762e-02
3.151716e-02, 3.573436e-02, 4.605174e-03, 8.185838e-03
3.216918e-02, 3.504950e-02, 4.751196e-03, 1.529582e-01
3.277028e-02, 3.431498e-02, 5.001968e-03, 1.622954e-01
3.338023e-02, 3.359589e-02, 5.180960e-03, 2.079150e-02
3.404566e-02, 3.293489e-02, 5.162171e-03, 4.113487e-02
3.476558e-02, 3.232353e-02, 4.958828e-03, 1.799655e-01
3.549005e-02, 3.171035e-02, 4.714073e-03, 1.251053e-01
3.615418e-02, 3.103850e-02, 4.600200e-03, 1.102322e-03
3.672419e-02, 3.028562e-02, 4.697371e-03, 1.149160e-01
3.722267e-02, 2.947808e-02, 4.937182e-03, 1.866729e-01
3.771402e-02, 2.867062e-02, 5.150818e-03, 5.034103e-02
3.825935e-02, 2.790731e-02, 5.187892e-03, 1.454669e-02
3.887228e-02, 2.719173e-02, 5.022305e-03, 1.567781e-01
3.950759e-02, 2.648678e-02, 4.770622e-03, 1.734019e-01
-3.976080e-02, 2.665653e-02, 4.170941e-03, 6.558727e-02
-3.913297e-02, 2.737410e-02, 4.396008e-03, 1.492198e-01
-3.848830e-02, 2.807431e-02, 4.631130e-03, 6.197887e-02
-3.789453e-02, 2.880784e-02, 4.707335e-03, 2.438835e-03
-3.737057e-02, 2.959521e-02, 4.569857e-03, 9.982915e-02
-3.687459e-02, 3.040965e-02, 4.317496e-03, 1.449401e-01
-3.633574e-02, 3.119437e-02, 4.131614e-03, 2.355188e-02
-3.570566e-02, 3.190300e-02, 4.145797e-03, 4.234240e-02
-3.499224e-02, 3.253427e-02, 4.349852e-03, 1.489782e-01
-3.425231e-02, 3.313480e-02, 4.597133e-03, 8.549992e-02
-3.354976e-02, 3.376651e-02, 4.709929e-03, 9.523536e-05
-3.291006e-02, 3.446135e-02, 4.607178e-03, 7.867408e-02
-3.230390e-02, 3.519629e-02, 4.362723e-03, 1.530459e-01
-3.167027e-02, 3.590795e-02, 4.152244e-03, 4.215517e-02
-3.096121e-02, 3.653764e-02, 4.127004e-03, 1.970909e-02
-3.017545e-02, 3.707445e-02, 4.305142e-03, 1.414934e-01
-2.935739e-02, 3.756480e-02, 4.558637e-03, 1.078677e-01
-2.856381e-02, 3.808007e-02, 4.705312e-03, 4.445476e-03
-2.782335e-02, 3.866479e-02, 4.639758e-03, 5.754804e-02
-2.711780e-02, 3.930306e-02, 4.409086e-03, 1.520172e-01
-2.639769e-02, 3.992825e-02, 4.179071e-03, 6.447554e-02
-2.561904e-02, 4.047017e-02, 4.115015e-03, 5.741689e-03
-2.477436e-02, 4.090624e-02, 4.262953e-03, 1.256083e-01
-2.389600e-02, 4.127903e-02, 4.516568e-03, 1.281542e-01
-2.303114e-02, 4.166662e-02, 4.693597e-03, 1.455069e-02
-2.220784e-02, 4.212633e-02, 4.666816e-03, 3.682518e-02
-2.141678e-02, 4.265224e-02, 4.455471e-03, 1.491239e-01
-2.062061e-02, 4.317804e-02, 4.211448e-03, 9.278543e-02
-1.978254e-02, 4.362402e-02, 4.110117e-03, 6.629494e-05
-1.889233e-02, 4.395473e-02, 4.224299e-03, 1.016115e-01
-1.797166e-02, 4.420549e-02, 4.471937e-03, 1.420973e-01
-1.705646e-02, 4.445785e-02, 4.675064e-03, 2.911444e-02
-1.617068e-02, 4.478092e-02, 4.687699e-03, 2.011286e-02
-1.531081e-02, 4.518086e-02, 4.500763e-03, 1.350259e-01
-1.445129e-02, 4.559535e-02, 4.248599e-03, 1.166253e-01
-1.356492e-02, 4.593786e-02, 4.112428e-03, 4.513517e-03
-1.264240e-02, 4.615998e-02, 4.190109e-03, 7.751666e-02
-1.169705e-02, 4.628700e-02, 4.425818e-03, 1.525682e-01
-1.075292e-02, 4.640026e-02, 4.650158e-03, 4.898758e-02
-9.826709e-03, 4.657876e-02, 4.701907e-03, 7.566947e-03
-8.917268e-03, 4.684183e-02, 4.543873e-03, 1.163762e-01
-8.009315e-03, 4.713454e-02, 4.289630e-03, 1.348417e-01
-7.086859e-03, 4.736683e-02, 4.121892e-03, 1.585394e-02
-6.145051e-03, 4.747838e-02, 4.161206e-03, 5.456152e-02
-5.191888e-03, 4.748233e-02, 4.379318e-03, 1.537985e-01
-4.240001e-03, 4.745622e-02, 4.619480e-03, 6.914450e-02
-3.296401e-03, 4.748617e-02, 4.709097e-03, 8.729927e-04
-2.358597e-03, 4.760472e-02, 4.583765e-03, 9.339482e-02
-1.419243e-03, 4.776714e-02, 4.333555e-03, 1.490489e-01
-4.741097e-04, 4.788351e-02, 4.138283e-03, 3.305158e-02
4.741097e-04, 4.788351e-02, 4.138283e-03, 3.421236e-02
1.419243e-03, 4.776714e-02, 4.333555e-03, 1.481307e-01
2.358597e-03, 4.760472e-02, 4.583765e-03, 9.411346e-02
3.296401e-03, 4.748617e-02, 4.709097e-03, 9.368264e-04
4.240001e-03, 4.745622e-02, 4.619480e-03, 6.983628e-02
5.191888e-03, 4.748233e-02, 4.379318e-03, 1.513415e-01
6.145051e-03, 4.747838e-02, 4.161206e-03, 5.460304e-02
7.086859e-03, 4.736683e-02, 4.121892e-03, 1.564985e-02
8.009315e-03, 4.713454e-02, 4.289630e-03, 1.364688e-01
8.917268e-03, 4.684183e-02, 4.543873e-03, 1.162172e-01
9.826709e-03, 4.657876e-02, 4.701907e-03, 7.569822e-03
1.075292e-02, 4.640026e-02, 4.650158e-03, 4.807474e-02
1.169705e-02, 4.628700e-02, 4.425818e-03, 1.520428e-01
1.264240e-02, 4.615998e-02, 4.190109e-03, 7.824368e-02
1.356492e-02, 4.593786e-02, 4.112428e-03, 3.461306e-03
1.445129e-02, 4.559535e-02, 4.248599e-03, 1.155302e-01
1.531081e-02, 4.518086e-02, 4.500763e-03, 1.351004e-01
1.617068e-02, 4.478092e-02, 4.687699e-03, 2.018005e-02
1.705646e-02, 4.445785e-02, 4.675064e-03, 2.915719e-02
1.797166e-02, 4.420549e-02, 4.471937e-03, 1.404614e-01
1.889233e-02, 4.395473e-02, 4.224299e-03, 1.007263e-01
1.978254e-02, 4.362402e-02, 4.110117e-03, 7.043435e-05
2.062061e-02, 4.317804e-02, 4.211448e-03, 9.137025e-02
2.141678e-02, 4.265224e-02, 4.455471e-03, 1.487248e-01
2.220784e-02, 4.212633e-02, 4.666816e-03, 3.644777e-02
2.303114e-02, 4.166662e-02, 4.693597e-03, 1.455346e-02
2.389600e-02, 4.127903e-02, 4.516568e-03, 1.278177e-01
2.477436e-02, 4.090624e-02, 4.262953e-03, 1.197021e-01
2.561904e-02, 4.047017e-02, 4.115015e-03, 6.695987e-03
2.639769e-02, 3.992825e-02, 4.179071e-03, 6.574756e-02
2.711780e-02, 3.930306e-02, 4.409086e-03, 1.537143e-01
2.782335e-02, 3.866479e-02, 4.639758e-03, 5.685389e-02
2.856381e-02, 3.808007e-02, 4.705312e-03, 4.291402e-03
2.935739e-02, 3.756480e-02, 4.558637e-03, 1.083559e-01
3.017545e-02, 3.707445e-02, 4.305142e-03, 1.400344e-01
3.096121e-02, 3.653764e-02, 4.127004e-03, 1.986869e-02
3.167027e-02, 3.590795e-02, 4.152244e-03, 4.247310e-02
3.230390e-02, 3.519629e-02, 4.362723e-03, 1.515454e-01
3.291006e-02, 3.446135e-02, 4.607178e-03, 7.704217e-02
3.354976e-02, 3.376651e-02, 4.709929e-03, 1.934777e-04
3.425231e-02, 3.313480e-02, 4.597133e-03, 8.692466e-02
3.499224e-02, 3.253427e-02, 4.349852e-03, 1.499963e-01
3.570566e-02, 3.190300e-02, 4.145797e-03, 4.140070e-02
3.633574e-02, 3.119437e-02, 4.131614e-03, 2.347622e-02
3.687459e-02, 3.040965e-02, 4.317496e-03, 1.434128e-01
3.737057e-02, 2.959521e-02, 4.569857e-03, 1.010225e-01
3.789453e-02, 2.880784e-02, 4.707335e-03, 2.434608e-03
3.848830e-02, 2.807431e-02, 4.631130e-03, 6.135042e-02
3.913297e-02, 2.737410e-02, 4.396008e-03, 1.480089e-01
3.976080e-02, 2.665653e-02, 4.170941e-03, 6.599665e-02
-3.999191e-02, 2.681148e-02, 3.624453e-03, 3.341543e-03
-3.939244e-02, 2.755560e-02, 3.772702e-03, 8.793841e-02
-3.873557e-02, 2.825468e-02, 4.028992e-03, 9.280043e-02
-3.809832e-02, 2.896277e-02, 4.205338e-03, 9.497554e-03
-3.753029e-02, 2.972169e-02, 4.172390e-03, 2.945941e-02
-3.701854e-02, 3.052836e-02, 3.954316e-03, 1.127864e-01
-3.649908e-02, 3.133459e-02, 3.711072e-03, 6.711113e-02
-3.590503e-02, 3.208114e-02, 3.621074e-03, 1.399298e-03
-3.521543e-02, 3.274178e-02, 3.750337e-03, 8.862853e-02
-3.446904e-02, 3.334445e-02, 4.004046e-03, 1.032567e-01
-3.373436e-02, 3.395231e-02, 4.196108e-03, 1.605952e-02
-3.305908e-02, 3.461739e-02, 4.185647e-03, 2.191191e-02
-3.243656e-02, 3.534083e-02, 3.980336e-03, 1.060634e-01
-3.181297e-02, 3.606975e-02, 3.730769e-03, 7.956124e-02
-3.112833e-02, 3.673485e-02, 3.620002e-03, 3.925128e-05
-3.036036e-02, 3.730164e-02, 3.729280e-03, 8.064329e-02
-2.953910e-02, 3.779732e-02, 3.978450e-03, 1.068635e-01
-2.872300e-02, 3.829228e-02, 4.184748e-03, 2.295233e-02
-2.795562e-02, 3.884860e-02, 4.196855e-03, 1.460774e-02
-2.723513e-02, 3.947311e-02, 4.005891e-03, 1.038070e-01
-2.651823e-02, 4.011057e-02, 3.751927e-03, 8.845486e-02
-2.575376e-02, 4.068300e-02, 3.621243e-03, 9.574834e-04
-2.492025e-02, 4.114714e-02, 3.709695e-03, 7.005195e-02
-2.403983e-02, 4.152748e-02, 3.952404e-03, 1.135320e-01
-2.315988e-02, 4.189954e-02, 4.171345e-03, 3.100139e-02
-2.231764e-02, 4.233461e-02, 4.205926e-03, 9.595572e-03
-2.151430e-02, 4.284647e-02, 4.030783e-03, 9.559576e-02
-2.071695e-02, 4.337976e-02, 3.774381e-03, 9.808322e-02
-1.988483e-02, 4.384958e-02, 3.624790e-03, 4.164508e-03
-1.899946e-02, 4.420396e-02, 3.691733e-03, 5.891633e-02
-1.807633e-02, 4.446294e-02, 3.926108e-03, 1.164305e-01
-1.715121e-02, 4.470483e-02, 4.156003e-03, 3.956368e-02
-1.625302e-02, 4.500896e-02, 4.212792e-03, 4.522180e-03
-1.538398e-02, 4.539677e-02, 4.054820e-03, 8.749745e-02
-1.452088e-02, 4.581491e-02, 3.797958e-03, 1.064428e-01
-1.363456e-02, 4.617370e-02, 3.630614e-03, 9.477859e-03
-1.271168e-02, 4.641296e-02, 3.675532e-03, 4.815709e-02
-1.176271e-02, 4.654686e-02, 3.899765e-03, 1.173066e-01
-1.081176e-02, 4.665419e-02, 4.138841e-03, 4.971951e-02
-9.877749e-03, 4.682069e-02, 4.217398e-03, 1.728556e-03
-8.961782e-03, 4.707566e-02, 4.077817e-03, 7.770899e-02
-8.049282e-03, 4.736974e-02, 3.822478e-03, 1.119350e-01
-7.123350e-03, 4.761073e-02, 3.638671e-03, 1.768827e-02
-6.177781e-03, 4.773126e-02, 3.661216e-03, 3.768022e-02
-5.219917e-03, 4.773868e-02, 3.873578e-03, 1.153436e-01
-4.262671e-03, 4.770996e-02, 4.119990e-03, 5.914906e-02
-3.313692e-03, 4.773527e-02, 4.219711e-03, 1.983083e-04
-2.370824e-03, 4.785151e-02, 4.099596e-03, 6.858437e-02
-1.426606e-03, 4.801494e-02, 3.847749e-03, 1.150582e-01
-4.765818e-04, 4.813319e-02, 3.648898e-03, 2.577604e-02
4.765818e-04, 4.813319e-02, 3.648898e-03, 2.537234e-02
1.426606e-03, 4.801494e-02, 3.847749e-03, 1.148819e-01
2.370824e-03, 4.785151e-02, 4.099596e-03, 6.919697e-02
3.313692e-03, 4.773527e-02, 4.219711e-03, 1.846912e-04
4.262671e-03, 4.770996e-02, 4.119990e-03, 5.863614e-02
5.219917e-03, 4.773868e-02, 3.873578e-03, 1.168260e-01
6.177781e-03, 4.773126e-02, 3.661216e-03, 3.604214e-02
7.123350e-03, 4.761073e-02, 3.638671e-03, 1.691562e-02
8.049282e-03, 4.736974e-02, 3.822478e-03, 1.112078e-01
8.961782e-03, 4.707566e-02, 4.077817e-03, 7.820541e-02
9.877749e-03, 4.682069e-02, 4.217398e-03, 1.836216e-03
1.081176e-02, 4.665419e-02, 4.138841e-03, 4.835455e-02
1.176271e-02, 4.654686e-02, 3.899765e-03, 1.182430e-01
1.271168e-02, 4.641296e-02, 3.675532e-03, 4.766625e-02
1.363456e-02, 4.617370e-02, 3.630614e-03, 9.549498e-03
1.452088e-02, 4.581491e-02, 3.797958e-03, 1.067903e-01
1.538398e-02, 4.539677e-02, 4.054820e-03, 8.737753e-02
1.625302e-02, 4.500896e-02, 4.212792e-03, 4.521374e-03
1.715121e-02, 4.470483e-02, 4.156003e-03, 3.956372e-02
1.807633e-02, 4.446294e-02, 3.926108e-03, 1.164207e-01
1.899946e-02, 4.420396e-02, 3.691733e-03, 5.888618e-02
1.988483e-02, 4.384958e-02, 3.624790e-03, 4.161160e-03
2.071695e-02, 4.337976e-02, 3.774381e-03, 9.785722e-02
2.151430e-02, 4.284647e-02, 4.030783e-03, 9.584081e-02
2.231764e-02, 4.233461e-02, 4.205926e-03, 9.372187e-03
2.315988e-02, 4.189954e-02, 4.171345e-03, 3.097988e-02
2.403983e-02, 4.152748e-02, 3.952404e-03, 1.135291e-01
2.492025e-02, 4.114714e-02, 3.709695e-03, 7.005209e-02
2.575376e-02, 4.068300e-02, 3.621243e-03, 9.574754e-04
2.651823e-02, 4.011057e-02, 3.751927e-03, 8.845483e-02
2.723513e-02, 3.947311e-02, 4.005891e-03, 1.038066e-01
2.795562e-02, 3.884860e-02, 4.196855e-03, 1.460717e-02
2.872300e-02, 3.829228e-02, 4.184748e-03, 2.295629e-02
2.953910e-02, 3.779732e-02, 3.978450e-03, 1.069031e-01
3.036036e-02, 3.730164e-02, 3.729280e-03, 8.081230e-02
3.112833e-02, 3.673485e-02, 3.620002e-03, 3.898460e-05
3.181297e-02, 3.606975e-02, 3.730769e-03, 7.957011e-02
3.243656e-02, 3.534083e-02, 3.980336e-03, 1.059846e-01
3.305908e-02, 3.461739e-02, 4.185647e-03, 2.157626e-02
3.373436e-02, 3.395231e-02, 4.196108e-03, 1.600836e-02
3.446904e-02, 3.334445e-02, 4.004046e-03, 1.028788e-01
3.521543e-02, 3.274178e-02, 3.750337e-03, 8.862339e-02
3.590503e-02, 3.208114e-02, 3.621074e-03, 1.398199e-03
3.649908e-02, 3.133459e-02, 3.711072e-03, 6.711355e-02
3.701854e-02, 3.052836e-02, 3.954316e-03, 1.128042e-01
3.753029e-02, 2.972169e-02, 4.172390e-03, 2.940726e-02
3.809832e-02, 2.896277e-02, 4.205338e-03, 9.566506e-03
3.873557e-02, 2.825468e-02, 4.028992e-03, 9.228457e-02
3.939244e-02, 2.755560e-02, 3.772702e-03, 8.841605e-02
3.999191e-02, 2.681148e-02, 3.624453e-03, 3.080048e-03
-4.019571e-02, 2.694811e-02, 3.143727e-03, 1.447271e-02
-3.963901e-02, 2.772808e-02, 3.180884e-03, 2.739563e-02
-3.899188e-02, 2.844164e-02, 3.404490e-03, 8.250596e-02
-3.832447e-02, 2.913469e-02, 3.647189e-03, 3.590967e-02
-3.770865e-02, 2.986295e-02, 3.727335e-03, 1.008450e-03
-3.716488e-02, 3.064905e-02, 3.584943e-03, 5.660533e-02
-3.664874e-02, 3.146307e-02, 3.326586e-03, 8.189096e-02
-3.608603e-02, 3.224286e-02, 3.145628e-03, 1.103433e-02
-3.542885e-02, 3.294021e-02, 3.177506e-03, 3.071699e-02
-3.469030e-02, 3.355849e-02, 3.398361e-03, 8.622484e-02
-3.393284e-02, 3.415207e-02, 3.642896e-03, 3.724822e-02
-3.322053e-02, 3.478646e-02, 3.728091e-03, 9.377843e-04
-3.257185e-02, 3.548823e-02, 3.590182e-03, 5.616600e-02
-3.194804e-02, 3.622289e-02, 3.332387e-03, 7.978797e-02
-3.128425e-02, 3.691885e-02, 3.147649e-03, 1.374021e-02
-3.053871e-02, 3.752075e-02, 3.174234e-03, 2.683847e-02
-2.972266e-02, 3.803220e-02, 3.392245e-03, 8.473521e-02
-2.888988e-02, 3.851477e-02, 3.638514e-03, 3.846962e-02
-2.809525e-02, 3.904265e-02, 3.728722e-03, 7.590180e-04
-2.735455e-02, 3.964618e-02, 3.595354e-03, 5.532091e-02
-2.663506e-02, 4.028729e-02, 3.338229e-03, 8.113061e-02
-2.588252e-02, 4.088640e-02, 3.149789e-03, 1.318821e-02
-2.506235e-02, 4.138177e-02, 3.171071e-03, 2.382387e-02
-2.418418e-02, 4.177684e-02, 3.386146e-03, 8.562906e-02
-2.329226e-02, 4.213903e-02, 3.634043e-03, 4.087462e-02
-2.243112e-02, 4.254988e-02, 3.729226e-03, 4.331772e-04
-2.161310e-02, 4.304322e-02, 3.600456e-03, 5.272618e-02
-2.081181e-02, 4.357840e-02, 3.344109e-03, 8.306625e-02
-1.998451e-02, 4.406940e-02, 3.152047e-03, 1.323498e-02
-1.910484e-02, 4.444914e-02, 3.168016e-03, 2.280612e-02
-1.818104e-02, 4.472049e-02, 3.380065e-03, 8.414211e-02
-1.724730e-02, 4.495529e-02, 3.629487e-03, 4.360608e-02
-1.633678e-02, 4.524090e-02, 3.729605e-03, 1.636815e-04
-1.545769e-02, 4.561428e-02, 3.605486e-03, 5.145060e-02
-1.459006e-02, 4.603317e-02, 3.350026e-03, 8.359135e-02
-1.370341e-02, 4.640684e-02, 3.154422e-03, 1.368240e-02
-1.278042e-02, 4.666394e-02, 3.165072e-03, 2.280306e-02
-1.182835e-02, 4.680657e-02, 3.374005e-03, 8.522081e-02
-1.087091e-02, 4.690942e-02, 3.624847e-03, 4.587228e-02
-9.929101e-03, 4.706410e-02, 3.729858e-03, 5.090532e-05
-9.006419e-03, 4.731013e-02, 3.610442e-03, 4.847669e-02
-8.089195e-03, 4.760463e-02, 3.355976e-03, 8.380771e-02
-7.159732e-03, 4.785390e-02, 3.156913e-03, 1.709853e-02
-6.210447e-03, 4.798365e-02, 3.162239e-03, 2.164309e-02
-5.247939e-03, 4.799495e-02, 3.367968e-03, 8.267721e-02
-4.285358e-03, 4.796388e-02, 3.620125e-03, 4.633634e-02
-3.330996e-03, 4.798453e-02, 3.729984e-03, 1.737783e-05
-2.383053e-03, 4.809834e-02, 3.615323e-03, 4.671214e-02
-1.433968e-03, 4.826272e-02, 3.361958e-03, 8.452824e-02
-4.790540e-04, 4.838287e-02, 3.159519e-03, 1.996981e-02
4.790540e-04, 4.838287e-02, 3.159519e-03, 2.053431e-02
1.433968e-03, 4.826272e-02, 3.361958e-03, 8.307927e-02
2.383053e-03, 4.809834e-02, 3.615323e-03, 4.699917e-02
3.330996e-03, 4.798453e-02, 3.729984e-03, 1.798665e-05
4.285358e-03, 4.796388e-02, 3.620125e-03, 4.597346e-02
5.247939e-03, 4.799495e-02, 3.367968e-03, 8.527762e-02
6.210447e-03, 4.798365e-02, 3.162239e-03, 2.322226e-02
7.159732e-03, 4.785390e-02, 3.156913e-03, 1.681564e-02
8.089195e-03, 4.760463e-02, 3.355976e-03, 8.495853e-02
9.006419e-03, 4.731013e-02, 3.610442e-03, 4.828178e-02
9.929101e-03, 4.706410e-02, 3.729858e-03, 2.119148e-05
1.087091e-02, 4.690942e-02, 3.624847e-03, 4.586156e-02
1.182835e-02, 4.680657e-02, 3.374005e-03, 8.478167e-02
1.278042e-02, 4.666394e-02, 3.165072e-03, 2.235570e-02
1.370341e-02, 4.640684e-02, 3.154422e-03, 1.415393e-02
1.459006e-02, 4.603317e-02, 3.350026e-03, 8.266926e-02
1.545769e-02, 4.561428e-02, 3.605486e-03, 5.125982e-02
1.633678e-02, 4.524090e-02, 3.729605e-03, 1.638834e-04
1.724730e-02, 4.495529e-02, 3.629487e-03, 4.360406e-02
1.818104e-02, 4.472049e-02, 3.380065e-03, 8.413064e-02
1.910484e-02, 4.444914e-02, 3.168016e-03, 2.279476e-02
1.998451e-02, 4.406940e-02, 3.152047e-03, 1.309203e-02
2.081181e-02, 4.357840e-02, 3.344109e-03, 8.362573e-02
2.161310e-02, 4.304322e-02, 3.600456e-03, 5.372151e-02
2.243112e-02, 4.254988e-02, 3.729226e-03, 5.158548e-04
2.329226e-02, 4.213903e-02, 3.634043e-03, 4.157522e-02
2.418418e-02, 4.177684e-02, 3.386146e-03, 8.654696e-02
2.506235e-02, 4.138177e-02, 3.171071e-03, 2.395351e-02
2.588252e-02, 4.088640e-02, 3.149789e-03, 1.030852e-02
2.663506e-02, 4.028729e-02, 3.338229e-03, 8.210296e-02
2.735455e-02, 3.964618e-02, 3.595354e-03, 5.532181e-02
2.809525e-02, 3.904265e-02, 3.728722e-03, 8.197829e-04
2.888988e-02, 3.851477e-02, 3.638514e-03, 3.848606e-02
2.972266e-02, 3.803220e-02, 3.392245e-03, 8.530504e-02
3.053871e-02, 3.752075e-02, 3.174234e-03, 2.620573e-02
3.128425e-02, 3.691885e-02, 3.147649e-03, 1.388012e-02
3.194804e-02, 3.622289e-02, 3.332387e-03, 8.034562e-02
3.257185e-02, 3.548823e-02, 3.590182e-03, 5.679184e-02
3.322053e-02, 3.478646e-02, 3.728091e-03, 9.757019e-04
3.393284e-02, 3.415207e-02, 3.642896e-03, 3.792122e-02
3.469030e-02, 3.355849e-02, 3.398361e-03, 8.687888e-02
3.542885e-02, 3.294021e-02, 3.177506e-03, 3.055533e-02
3.608603e-02, 3.224286e-02, 3.145628e-03, 1.162426e-02
3.664874e-02, 3.146307e-02, 3.326586e-03, 8.087715e-02
3.716488e-02, 3.064905e-02, 3.584943e-03, 5.684422e-02
3.770865e-02, 2.986295e-02, 3.727335e-03, 1.076947e-03
3.832447e-02, 2.913469e-02, 3.647189e-03, 3.562019e-02
3.899188e-02, 2.844164e-02, 3.404490e-03, 8.132953e-02
3.963901e-02, 2.772808e-02, 3.180884e-03, 2.799660e-02
4.019571e-02, 2.694811e-02, 3.143727e-03, 1.423789e-02
-4.037306e-02, 2.706701e-02, 2.726698e-03, 4.481100e-02
-3.986377e-02, 2.788530e-02, 2.642319e-03, 9.879313e-04
-3.924608e-02, 2.862705e-02, 2.785222e-03, 4.730834e-02
-3.856763e-02, 2.931954e-02, 3.046298e-03, 4.709703e-02
-3.790900e-02, 3.002161e-02, 3.226216e-03, 4.588457e-03
-3.732201e-02, 3.077863e-02, 3.187606e-03, 1.562799e-02
-3.679162e-02, 3.158574e-02, 2.959947e-03, 5.673415e-02
-3.624955e-02, 3.238897e-02, 2.717059e-03, 3.240951e-02
-3.562773e-02, 3.312512e-02, 2.644388e-03, 1.695896e-03
-3.490985e-02, 3.377088e-02, 2.797418e-03, 4.893586e-02
-3.414203e-02, 3.436261e-02, 3.059311e-03, 4.609403e-02
-3.339595e-02, 3.497015e-02, 3.230109e-03, 2.843447e-03
-3.271411e-02, 3.564323e-02, 3.179407e-03, 1.863066e-02
-3.207916e-02, 3.637156e-02, 2.945916e-03, 5.639744e-02
-3.142962e-02, 3.709041e-02, 2.707908e-03, 2.683669e-02
-3.070824e-02, 3.772905e-02, 2.647104e-03, 2.629729e-03
-2.990503e-02, 3.826555e-02, 2.809928e-03, 5.117306e-02
-2.906283e-02, 3.874534e-02, 3.072063e-03, 4.340151e-02
-2.824284e-02, 3.924774e-02, 3.233367e-03, 2.270772e-03
-2.747797e-02, 3.982507e-02, 3.170684e-03, 2.062532e-02
-2.674987e-02, 4.046095e-02, 2.931872e-03, 5.856264e-02
-2.600568e-02, 4.108095e-02, 2.699266e-03, 2.361312e-02
-2.519979e-02, 4.160870e-02, 2.650462e-03, 7.064031e-03
-2.432782e-02, 4.202498e-02, 2.822722e-03, 5.220552e-02
-2.342760e-02, 4.238388e-02, 3.084524e-03, 4.018851e-02
-2.254846e-02, 4.277246e-02, 3.235981e-03, 1.367189e-03
-2.171384e-02, 4.324385e-02, 3.161455e-03, 2.261286e-02
-2.090582e-02, 4.377524e-02, 2.917846e-03, 5.807855e-02
-2.008175e-02, 4.428383e-02, 2.691152e-03, 2.371911e-02
-1.920821e-02, 4.468964e-02, 2.654455e-03, 7.187438e-03
-1.828541e-02, 4.497723e-02, 2.835774e-03, 5.451935e-02
-1.734452e-02, 4.520869e-02, 3.096670e-03, 3.838704e-02
-1.642197e-02, 4.547682e-02, 3.237947e-03, 5.961587e-04
-1.553211e-02, 4.583389e-02, 3.151741e-03, 2.637815e-02
-1.465897e-02, 4.625059e-02, 2.903868e-03, 5.836644e-02
-1.377149e-02, 4.663742e-02, 2.683583e-03, 1.785295e-02
-1.284858e-02, 4.691278e-02, 2.659074e-03, 6.982338e-03
-1.189388e-02, 4.706590e-02, 2.849053e-03, 5.425877e-02
-1.093033e-02, 4.716582e-02, 3.108471e-03, 3.637894e-02
-9.980770e-03, 4.730901e-02, 3.239261e-03, 3.006669e-04
-9.051197e-03, 4.754535e-02, 3.141562e-03, 2.857208e-02
-8.129066e-03, 4.783927e-02, 2.889970e-03, 5.915634e-02
-7.196010e-03, 4.809637e-02, 2.676576e-03, 1.467343e-02
-6.243045e-03, 4.823551e-02, 2.664308e-03, 1.128858e-02
-5.275952e-03, 4.825115e-02, 2.862532e-03, 5.709975e-02
-4.308060e-03, 4.821798e-02, 3.119904e-03, 3.380880e-02
-3.348311e-03, 4.823396e-02, 3.239918e-03, 1.104079e-04
-2.395285e-03, 4.834523e-02, 3.130942e-03, 3.065136e-02
-1.441330e-03, 4.851050e-02, 2.876181e-03, 5.856147e-02
-4.815261e-04, 4.863254e-02, 2.670146e-03, 1.457714e-02
4.815261e-04, 4.863254e-02, 2.670146e-03, 1.491398e-02
1.441330e-03, 4.851050e-02, 2.876181e-03, 5.824152e-02
2.395285e-03, 4.834523e-02, 3.130942e-03, 3.008914e-02
3.348311e-03, 4.823396e-02, 3.239918e-03, 8.536225e-05
4.308060e-03, 4.821798e-02, 3.119904e-03, 3.332387e-02
5.275952e-03, 4.825115e-02, 2.862532e-03, 5.596107e-02
6.243045e-03, 4.823551e-02, 2.664308e-03, 1.130630e-02
7.196010e-03, 4.809637e-02, 2.676576e-03, 1.470933e-02
8.129066e-03, 4.783927e-02, 2.889970e-03, 5.742562e-02
9.051197e-03, 4.754535e-02, 3.141562e-03, 2.817140e-02
9.980770e-03, 4.730901e-02, 3.239261e-03, 2.758607e-04
1.093033e-02, 4.716582e-02, 3.108471e-03, 3.603541e-02
1.189388e-02, 4.706590e-02, 2.849053e-03, 5.569088e-02
1.284858e-02, 4.691278e-02, 2.659074e-03, 7.564833e-03
1.377149e-02, 4.663742e-02, 2.683583e-03, 1.820444e-02
1.465897e-02, 4.625059e-02, 2.903868e-03, 5.678558e-02
1.553211e-02, 4.583389e-02, 3.151741e-03, 2.561485e-02
1.642197e-02, 4.547682e-02, 3.237947e-03, 5.192247e-04
1.734452e-02, 4.520869e-02, 3.096670e-03, 3.851695e-02
1.828541e-02, 4.497723e-02, 2.835774e-03, 5.618377e-02
1.920821e-02, 4.468964e-02, 2.654455e-03, 6.837470e-03
2.008175e-02, 4.428383e-02, 2.691152e-03, 2.370063e-02
2.090582e-02, 4.377524e-02, 2.917846e-03, 5.813474e-02
2.171384e-02, 4.324385e-02, 3.161455e-03, 2.267182e-02
2.254846e-02, 4.277246e-02, 3.235981e-03, 1.356414e-03
2.342760e-02, 4.238388e-02, 3.084524e-03, 4.014307e-02
2.432782e-02, 4.202498e-02, 2.822722e-03, 5.271416e-02
2.519979e-02, 4.160870e-02, 2.650462e-03, 6.883613e-03
2.600568e-02, 4.108095e-02, 2.699266e-03, 2.344695e-02
2.674987e-02, 4.046095e-02, 2.931872e-03, 5.741955e-02
2.747797e-02, 3.982507e-02, 3.170684e-03, 2.067607e-02
2.824284e-02, 3.924774e-02, 3.233367e-03, 2.320239e-03
2.906283e-02, 3.874534e-02, 3.072063e-03, 4.343816e-02
2.990503e-02, 3.826555e-02, 2.809928e-03, 5.092479e-02
3.070824e-02, 3.772905e-02, 2.647104e-03, 2.590938e-03
3.142962e-02, 3.709041e-02, 2.707908e-03, 2.333656e-02
3.207916e-02, 3.637156e-02, 2.945916e-03, 5.669323e-02
3.271411e-02, 3.564323e-02, 3.179407e-03, 1.868720e-02
3.339595e-02, 3.497015e-02, 3.230109e-03, 2.876460e-03
3.414203e-02, 3.436261e-02, 3.059311e-03, 4.558666e-02
3.490985e-02, 3.377088e-02, 2.797418e-03, 4.977706e-02
3.562773e-02, 3.312512e-02, 2.644388e-03, 1.912298e-03
3.624955e-02, 3.238897e-02, 2.717059e-03, 3.284759e-02
3.679162e-02, 3.158574e-02, 2.959947e-03, 5.588755e-02
3.732201e-02, 3.077863e-02, 3.187606e-03, 1.596938e-02
3.790900e-02, 3.002161e-02, 3.226216e-03, 4.390742e-03
3.856763e-02, 2.931954e-02, 3.046298e-03, 4.745930e-02
3.924608e-02, 2.862705e-02, 2.785222e-03, 4.681931e-02
3.986377e-02, 2.788530e-02, 2.642319e-03, 1.163112e-03
4.037306e-02, 2.706701e-02, 2.726698e-03, 4.721182e-02
-4.053069e-02, 2.717269e-02, 2.357130e-03, 4.478951e-02
-4.006245e-02, 2.802428e-02, 2.167390e-03, 6.272671e-03
-3.948744e-02, 2.880311e-02, 2.197714e-03, 1.340906e-02
-3.881911e-02, 2.951072e-02, 2.424490e-03, 3.611373e-02
-3.813050e-02, 3.019702e-02, 2.671130e-03, 1.375195e-02
-3.749638e-02, 3.092243e-02, 2.745580e-03, 8.965721e-04
-3.693582e-02, 3.170953e-02, 2.589866e-03, 2.597119e-02
-3.639937e-02, 3.252283e-02, 2.325240e-03, 3.327053e-02
-3.580959e-02, 3.329420e-02, 2.157764e-03, 2.495330e-03
-3.512173e-02, 3.397584e-02, 2.217847e-03, 1.726092e-02
-3.435721e-02, 3.457919e-02, 2.458705e-03, 3.694356e-02
-3.358495e-02, 3.516806e-02, 2.692784e-03, 1.048361e-02
-3.286679e-02, 3.580958e-02, 2.737811e-03, 2.113496e-03
-3.221053e-02, 3.652050e-02, 2.558723e-03, 2.932328e-02
-3.156634e-02, 3.725174e-02, 2.294974e-03, 3.205053e-02
-3.086768e-02, 3.792494e-02, 2.151942e-03, 5.039131e-04
-3.008327e-02, 3.849362e-02, 2.241003e-03, 2.537626e-02
-2.923962e-02, 3.898103e-02, 2.492807e-03, 3.426001e-02
-2.839824e-02, 3.946369e-02, 2.711278e-03, 6.932878e-03
-2.760700e-02, 4.001207e-02, 2.726296e-03, 5.001587e-03
-2.686450e-02, 4.063434e-02, 2.526166e-03, 3.224924e-02
-2.612403e-02, 4.126791e-02, 2.266727e-03, 2.659185e-02
-2.533201e-02, 4.182702e-02, 2.150000e-03, 4.747243e-05
-2.446956e-02, 4.226983e-02, 2.266879e-03, 2.588359e-02
-2.356503e-02, 4.263251e-02, 2.526352e-03, 3.351780e-02
-2.266962e-02, 4.300229e-02, 2.726370e-03, 4.917954e-03
-2.181711e-02, 4.344952e-02, 2.711183e-03, 6.950590e-03
-2.099960e-02, 4.397161e-02, 2.492617e-03, 3.501059e-02
-2.017680e-02, 4.449343e-02, 2.240865e-03, 2.389711e-02
-1.930940e-02, 4.492506e-02, 2.151964e-03, 7.817532e-04
-1.838910e-02, 4.523228e-02, 2.295139e-03, 3.306314e-02
-1.744263e-02, 4.546440e-02, 2.558903e-03, 2.859127e-02
-1.650859e-02, 4.571670e-02, 2.737865e-03, 2.042491e-03
-1.560738e-02, 4.605602e-02, 2.692671e-03, 1.118853e-02
-1.472776e-02, 4.646763e-02, 2.458513e-03, 3.632285e-02
-1.383887e-02, 4.686561e-02, 2.217725e-03, 1.762496e-02
-1.291610e-02, 4.715933e-02, 2.157807e-03, 2.462603e-03
-1.195925e-02, 4.732458e-02, 2.325415e-03, 3.392566e-02
-1.098998e-02, 4.742321e-02, 2.590036e-03, 2.604533e-02
-1.003275e-02, 4.755541e-02, 2.745612e-03, 9.544833e-04
-9.096133e-03, 4.778139e-02, 2.671000e-03, 1.371100e-02
-8.168909e-03, 4.807374e-02, 2.424298e-03, 3.702596e-02
-7.232186e-03, 4.833816e-02, 2.197610e-03, 1.491443e-02
-6.275575e-03, 4.848684e-02, 2.167454e-03, 6.240200e-03
-5.303953e-03, 4.850723e-02, 2.357313e-03, 3.668295e-02
-4.330778e-03, 4.847224e-02, 2.619346e-03, 2.073363e-02
-3.365638e-03, 4.848357e-02, 2.749511e-03, 5.446114e-05
-2.407520e-03, 4.859217e-02, 2.646452e-03, 1.810610e-02
-1.448692e-03, 4.875827e-02, 2.390418e-03, 3.765803e-02
-4.839981e-04, 4.888221e-02, 2.180780e-03, 8.886618e-03
4.839981e-04, 4.888221e-02, 2.180780e-03, 9.004214e-03
1.448692e-03, 4.875827e-02, 2.390418e-03, 3.693731e-02
2.407520e-03, 4.859217e-02, 2.646452e-03, 1.881091e-02
3.365638e-03, 4.848357e-02, 2.749511e-03, 6.743247e-05
4.330778e-03, 4.847224e-02, 2.619346e-03, 2.081177e-02
5.303953e-03, 4.850723e-02, 2.357313e-03, 3.749624e-02
6.275575e-03, 4.848684e-02, 2.167454e-03, 6.518591e-03
7.232186e-03, 4.833816e-02, 2.197610e-03, 1.395537e-02
8.168909e-03, 4.807374e-02, 2.424298e-03, 3.784269e-02
9.096133e-03, 4.778139e-02, 2.671000e-03, 1.368517e-02
1.003275e-02, 4.755541e-02, 2.745612e-03, 9.636865e-04
1.098998e-02, 4.742321e-02, 2.590036e-03, 2.665334e-02
1.195925e-02, 4.732458e-02, 2.325415e-03, 3.356061e-02
1.291610e-02, 4.715933e-02, 2.157807e-03, 2.193360e-03
1.383887e-02, 4.686561e-02, 2.217725e-03, 1.777999e-02
1.472776e-02, 4.646763e-02, 2.458513e-03, 3.587006e-02
1.560738e-02, 4.605602e-02, 2.692671e-03, 1.127608e-02
1.650859e-02, 4.571670e-02, 2.737865e-03, 1.982860e-03
1.744263e-02, 4.546440e-02, 2.558903e-03, 2.922190e-02
1.838910e-02, 4.523228e-02, 2.295139e-03, 3.332159e-02
1.930940e-02, 4.492506e-02, 2.151964e-03, 8.733650e-04
2.017680e-02, 4.449343e-02, 2.240865e-03, 2.406391e-02
2.099960e-02, 4.397161e-02, 2.492617e-03, 3.458865e-02
2.181711e-02, 4.344952e-02, 2.711183e-03, 6.809671e-03
2.266962e-02, 4.300229e-02, 2.726370e-03, 4.949975e-03
2.356503e-02, 4.263251e-02, 2.526352e-03, 3.328581e-02
2.446956e-02, 4.226983e-02, 2.266879e-03, 2.587591e-02
2.533201e-02, 4.182702e-02, 2.150000e-03, 4.748677e-05
2.612403e-02, 4.126791e-02, 2.266727e-03, 2.659198e-02
2.686450e-02, 4.063434e-02, 2.526166e-03, 3.224934e-02
2.760700e-02, 4.001207e-02, 2.726296e-03, 5.000744e-03
2.839824e-02, 3.946369e-02, 2.711278e-03, 6.911585e-03
2.923962e-02, 3.898103e-02, 2.492807e-03, 3.447314e-02
3.008327e-02, 3.849362e-02, 2.241003e-03, 2.506328e-02
3.086768e-02, 3.792494e-02, 2.151942e-03, 4.287271e-04
3.156634e-02, 3.725174e-02, 2.294974e-03, 3.205061e-02
3.221053e-02, 3.652050e-02, 2.558723e-03, 2.885976e-02
3.286679e-02, 3.580958e-02, 2.737811e-03, 2.095331e-03
3.358495e-02, 3.516806e-02, 2.692784e-03, 1.049431e-02
3.435721e-02, 3.457919e-02, 2.458705e-03, 3.691819e-02
3.512173e-02, 3.397584e-02, 2.217847e-03, 1.686318e-02
3.580959e-02, 3.329420e-02, 2.157764e-03, 2.528003e-03
3.639937e-02, 3.252283e-02, 2.325240e-03, 3.360010e-02
3.693582e-02, 3.170953e-02, 2.589866e-03, 2.508478e-02
3.749638e-02, 3.092243e-02, 2.745580e-03, 9.480623e-04
3.813050e-02, 3.019702e-02, 2.671130e-03, 1.370480e-02
3.881911e-02, 2.951072e-02, 2.424490e-03, 3.730492e-02
3.948744e-02, 2.880311e-02, 2.197714e-03, 1.559698e-02
4.006245e-02, 2.802428e-02, 2.167390e-03, 6.160403e-03
4.053069e-02, 2.717269e-02, 2.357130e-03, 4.388011e-02
-4.067975e-02, 2.727262e-02, 2.008227e-03, 2.061487e-02
-4.023637e-02, 2.814594e-02, 1.752874e-03, 1.404987e-02
-3.970790e-02, 2.896392e-02, 1.661975e-03, 6.665308e-04
-3.906860e-02, 2.970038e-02, 1.807701e-03, 1.957795e-02
-3.836834e-02, 3.038537e-02, 2.074349e-03, 1.466507e-02
-3.769133e-02, 3.108319e-02, 2.250207e-03, 8.553501e-04
-3.708917e-02, 3.184118e-02, 2.195646e-03, 6.269491e-03
-3.654152e-02, 3.264984e-02, 1.953988e-03, 2.092073e-02
-3.597461e-02, 3.344763e-02, 1.717103e-03, 8.627472e-03
-3.532109e-02, 3.416871e-02, 1.673073e-03, 2.846812e-03
-3.457284e-02, 3.479620e-02, 1.856857e-03, 1.848824e-02
-3.378533e-02, 3.537788e-02, 2.122534e-03, 1.203826e-02
-3.303200e-02, 3.598958e-02, 2.259163e-03, 1.282852e-04
-3.234628e-02, 3.667442e-02, 2.158263e-03, 9.101452e-03
-3.169726e-02, 3.740625e-02, 1.899946e-03, 2.065836e-02
-3.101686e-02, 3.810822e-02, 1.689311e-03, 7.131641e-03
-3.025489e-02, 3.871322e-02, 1.693597e-03, 5.435372e-03
-2.941766e-02, 3.921838e-02, 1.909401e-03, 1.987444e-02
-2.856058e-02, 3.968929e-02, 2.165380e-03, 8.714623e-03
-2.774273e-02, 4.020879e-02, 2.258291e-03, 1.583334e-04
-2.698081e-02, 4.081026e-02, 2.114366e-03, 1.262814e-02
-2.623872e-02, 4.144908e-02, 1.847878e-03, 1.951457e-02
-2.545882e-02, 4.203640e-02, 1.670412e-03, 1.761661e-03
-2.460834e-02, 4.250956e-02, 1.722873e-03, 1.203833e-02
-2.370357e-02, 4.288314e-02, 1.963607e-03, 1.936635e-02
-2.279434e-02, 4.323887e-02, 2.201478e-03, 5.259477e-03
-2.192336e-02, 4.366112e-02, 2.247620e-03, 1.235382e-03
-2.109381e-02, 4.416888e-02, 2.065398e-03, 1.565345e-02
-2.027001e-02, 4.469897e-02, 1.799492e-03, 1.646403e-02
-1.940830e-02, 4.515518e-02, 1.661026e-03, 2.897249e-04
-1.849177e-02, 4.548481e-02, 1.759939e-03, 1.361280e-02
-1.754135e-02, 4.572171e-02, 2.017695e-03, 1.808606e-02
-1.659659e-02, 4.596040e-02, 2.229643e-03, 3.075622e-03
-1.568364e-02, 4.628103e-02, 2.227500e-03, 3.024360e-03
-1.479657e-02, 4.668476e-02, 2.012968e-03, 1.791436e-02
-1.390562e-02, 4.709163e-02, 1.756380e-03, 1.570971e-02
-1.298298e-02, 4.740351e-02, 1.661462e-03, 1.249690e-04
-1.202440e-02, 4.758240e-02, 1.803577e-03, 1.734996e-02
-1.104982e-02, 4.768144e-02, 2.069888e-03, 1.544184e-02
-1.008505e-02, 4.780329e-02, 2.248951e-03, 1.099184e-03
-9.141240e-03, 4.801834e-02, 2.198593e-03, 5.752711e-03
-8.208738e-03, 4.830813e-02, 1.958797e-03, 2.015681e-02
-7.268265e-03, 4.857930e-02, 1.719957e-03, 9.858259e-03
-6.308033e-03, 4.873762e-02, 1.671705e-03, 3.592061e-03
-5.331940e-03, 4.876318e-02, 1.852353e-03, 2.072843e-02
-4.353509e-03, 4.872667e-02, 2.118471e-03, 1.210248e-02
-3.382976e-03, 4.873334e-02, 2.258766e-03, 9.763779e-05
-2.419758e-03, 4.883917e-02, 2.161847e-03, 9.260100e-03
-1.456053e-03, 4.900604e-02, 1.904667e-03, 2.000290e-02
-4.864702e-04, 4.913188e-02, 1.691419e-03, 5.231390e-03
4.864702e-04, 4.913188e-02, 1.691419e-03, 5.273524e-03
1.456053e-03, 4.900604e-02, 1.904667e-03, 2.035342e-02
2.419758e-03, 4.883917e-02, 2.161847e-03, 9.243542e-03
3.382976e-03, 4.873334e-02, 2.258766e-03, 1.016026e-04
4.353509e-03, 4.872667e-02, 2.118471e-03, 1.213005e-02
5.331940e-03, 4.876318e-02, 1.852353e-03, 2.066936e-02
6.308033e-03, 4.873762e-02, 1.671705e-03, 3.625468e-03
7.268265e-03, 4.857930e-02, 1.719957e-03, 1.045862e-02
8.208738e-03, 4.830813e-02, 1.958797e-03, 1.924665e-02
9.141240e-03, 4.801834e-02, 2.198593e-03, 5.841284e-03
1.008505e-02, 4.780329e-02, 2.248951e-03, 1.120725e-03
1.104982e-02, 4.768144e-02, 2.069888e-03, 1.567746e-02
1.202440e-02, 4.758240e-02, 1.803577e-03, 1.741275e-02
1.298298e-02, 4.740351e-02, 1.661462e-03, 1.013297e-04
1.390562e-02, 4.709163e-02, 1.756380e-03, 1.596214e-02
1.479657e-02, 4.668476e-02, 2.012968e-03, 1.791919e-02
1.568364e-02, 4.628103e-02, 2.227500e-03, 3.022586e-03
1.659659e-02, 4.596040e-02, 2.229643e-03, 3.075876e-03
1.754135e-02, 4.572171e-02, 2.017695e-03, 1.809802e-02
1.849177e-02, 4.548481e-02, 1.759939e-03, 1.367923e-02
1.940830e-02, 4.515518e-02, 1.661026e-03, 3.570756e-04
2.027001e-02, 4.469897e-02, 1.799492e-03, 1.652244e-02
2.109381e-02, 4.416888e-02, 2.065398e-03, 1.580732e-02
2.192336e-02, 4.366112e-02, 2.247620e-03, 1.277897e-03
2.279434e-02, 4.323887e-02, 2.201478e-03, 5.272012e-03
2.370357e-02, 4.288314e-02, 1.963607e-03, 1.936774e-02
2.460834e-02, 4.250956e-02, 1.722873e-03, 1.203674e-02
2.545882e-02, 4.203640e-02, 1.670412e-03, 1.754507e-03
2.623872e-02, 4.144908e-02, 1.847878e-03, 1.974254e-02
2.698081e-02, 4.081026e-02, 2.114366e-03, 1.202589e-02
2.774273e-02, 4.020879e-02, 2.258291e-03, 1.565079e-04
2.856058e-02, 3.968929e-02, 2.165380e-03, 8.666900e-03
2.941766e-02, 3.921838e-02, 1.909401e-03, 1.980674e-02
3.025489e-02, 3.871322e-02, 1.693597e-03, 5.509684e-03
3.101686e-02, 3.810822e-02, 1.689311e-03, 7.105377e-03
3.169726e-02, 3.740625e-02, 1.899946e-03, 2.049149e-02
3.234628e-02, 3.667442e-02, 2.158263e-03, 9.173827e-03
3.303200e-02, 3.598958e-02, 2.259163e-03, 1.390382e-04
3.378533e-02, 3.537788e-02, 2.122534e-03, 1.241829e-02
3.457284e-02, 3.479620e-02, 1.856857e-03, 1.943358e-02
3.532109e-02, 3.416871e-02, 1.673073e-03, 2.862426e-03
3.597461e-02, 3.344763e-02, 1.717103e-03, 8.641337e-03
3.654152e-02, 3.264984e-02, 1.953988e-03, 2.043759e-02
3.708917e-02, 3.184118e-02, 2.195646e-03, 6.296121e-03
3.769133e-02, 3.108319e-02, 2.250207e-03, 8.586345e-04
3.836834e-02, 3.038537e-02, 2.074349e-03, 1.534867e-02
3.906860e-02, 2.970038e-02, 1.807701e-03, 1.959356e-02
3.970790e-02, 2.896392e-02, 1.661975e-03, 7.180378e-04
4.023637e-02, 2.814594e-02, 1.752874e-03, 1.410234e-02
4.067975e-02, 2.727262e-02, 2.008227e-03, 2.059138e-02
-4.083326e-02, 2.737554e-02, 1.648593e-03, 4.186807e-03
-4.039216e-02, 2.825492e-02, 1.382636e-03, 1.088581e-02
-3.990365e-02, 2.910670e-02, 1.187390e-03, 1.777658e-03
-3.930616e-02, 2.988098e-02, 1.220884e-03, 6.832415e-03
-3.861463e-02, 3.058042e-02, 1.456008e-03, 1.019586e-02
-3.790648e-02, 3.126062e-02, 1.702457e-03, 2.252398e-03
-3.725794e-02, 3.198608e-02, 1.760760e-03, 4.476387e-04
-3.668330e-02, 3.277652e-02, 1.583727e-03, 6.734910e-03
-3.612564e-02, 3.358806e-02, 1.314645e-03, 9.969657e-03
-3.550501e-02, 3.434662e-02, 1.171305e-03, 7.982509e-05
-3.478327e-02, 3.500800e-02, 1.269724e-03, 7.745181e-03
-3.399331e-02, 3.559567e-02, 1.530242e-03, 7.467718e-03
-3.321023e-02, 3.618377e-02, 1.742002e-03, 9.223278e-04
-3.249003e-02, 3.683741e-02, 1.733608e-03, 1.335967e-03
-3.182594e-02, 3.755810e-02, 1.511855e-03, 8.249206e-03
-3.115671e-02, 3.828005e-02, 1.256225e-03, 6.850834e-03
-3.041806e-02, 3.892201e-02, 1.173621e-03, 4.391737e-04
-2.959423e-02, 3.945377e-02, 1.330901e-03, 9.496484e-03
-2.872840e-02, 3.992250e-02, 1.600765e-03, 5.879336e-03
-2.788570e-02, 4.041601e-02, 1.764791e-03, 2.277485e-04
-2.710053e-02, 4.099134e-02, 1.690218e-03, 2.660071e-03
-2.635117e-02, 4.162672e-02, 1.437404e-03, 9.489314e-03
-2.558042e-02, 4.223717e-02, 1.210973e-03, 4.993929e-03
-2.474328e-02, 4.274266e-02, 1.194194e-03, 2.104499e-03
-2.384216e-02, 4.313387e-02, 1.400647e-03, 1.111219e-02
-2.292218e-02, 4.348136e-02, 1.663233e-03, 4.103277e-03
-2.203290e-02, 4.387927e-02, 1.769420e-03, 9.861609e-06
-2.118908e-02, 4.436836e-02, 1.633261e-03, 4.689305e-03
-2.036180e-02, 4.490140e-02, 1.364962e-03, 1.113288e-02
-1.950492e-02, 4.537997e-02, 1.181679e-03, 1.881042e-03
-1.859311e-02, 4.573408e-02, 1.231758e-03, 6.406324e-03
-1.764039e-02, 4.597988e-02, 1.474666e-03, 9.736843e-03
-1.668589e-02, 4.620770e-02, 1.713797e-03, 2.088585e-03
-1.576097e-02, 4.650923e-02, 1.755604e-03, 5.338732e-04
-1.486557e-02, 4.690245e-02, 1.566248e-03, 7.143367e-03
-1.397180e-02, 4.731576e-02, 1.298990e-03, 1.006036e-02
-1.304919e-02, 4.764527e-02, 1.170145e-03, 9.488661e-06
-1.208928e-02, 4.783912e-02, 1.283997e-03, 1.027087e-02
-1.110981e-02, 4.794033e-02, 1.548397e-03, 7.133747e-03
-1.013764e-02, 4.805260e-02, 1.749343e-03, 6.293738e-04
-9.186534e-03, 4.825627e-02, 1.724194e-03, 1.933024e-03
-8.248566e-03, 4.854252e-02, 1.493305e-03, 9.107027e-03
-7.304251e-03, 4.881983e-02, 1.243553e-03, 6.112597e-03
-6.340419e-03, 4.898785e-02, 1.177083e-03, 1.391011e-03
-5.359911e-03, 4.901899e-02, 1.347695e-03, 9.687355e-03
-4.376254e-03, 4.898124e-02, 1.617298e-03, 5.073075e-03
-3.400327e-03, 4.898328e-02, 1.767681e-03, 5.770837e-05
-2.431998e-03, 4.908623e-02, 1.677126e-03, 3.404089e-03
-1.463415e-03, 4.925380e-02, 1.418927e-03, 1.008559e-02
-4.889422e-04, 4.938155e-02, 1.202065e-03, 2.965733e-03
4.889422e-04, 4.938155e-02, 1.202065e-03, 3.069622e-03
1.463415e-03, 4.925380e-02, 1.418927e-03, 1.009355e-02
2.431998e-03, 4.908623e-02, 1.677126e-03, 3.426331e-03
3.400327e-03, 4.898328e-02, 1.767681e-03, 5.719128e-05
4.376254e-03, 4.898124e-02, 1.617298e-03, 5.072801e-03
5.359911e-03, 4.901899e-02, 1.347695e-03, 9.687233e-03
6.340419e-03, 4.898785e-02, 1.177083e-03, 1.391007e-03
7.304251e-03, 4.881983e-02, 1.243553e-03, 6.112597e-03
8.248566e-03, 4.854252e-02, 1.493305e-03, 9.107027e-03
9.186534e-03, 4.825627e-02, 1.724194e-03, 1.933024e-03
1.013764e-02, 4.805260e-02, 1.749343e-03, 6.293723e-04
1.110981e-02, 4.794033e-02, 1.548397e-03, 7.133690e-03
1.208928e-02, 4.783912e-02, 1.283997e-03, 1.026958e-02
1.304919e-02, 4.764527e-02, 1.170145e-03, 8.632346e-06
1.397180e-02, 4.731576e-02, 1.298990e-03, 1.024371e-02
1.486557e-02, 4.690245e-02, 1.566248e-03, 7.362394e-03
1.576097e-02, 4.650923e-02, 1.755604e-03, 5.464871e-04
1.668589e-02, 4.620770e-02, 1.713797e-03, 2.084104e-03
1.764039e-02, 4.597988e-02, 1.474666e-03, 9.727498e-03
1.859311e-02, 4.573408e-02, 1.231758e-03, 6.406758e-03
1.950492e-02, 4.537997e-02, 1.181679e-03, 1.881023e-03
2.036180e-02, 4.490140e-02, 1.364962e-03, 1.113218e-02
2.118908e-02, 4.436836e-02, 1.633261e-03, 4.685251e-03
2.203290e-02, 4.387927e-02, 1.769420e-03, 8.991541e-06
2.292218e-02, 4.348136e-02, 1.663233e-03, 4.138003e-03
2.384216e-02, 4.313387e-02, 1.400647e-03, 1.113637e-02
2.474328e-02, 4.274266e-02, 1.194194e-03, 2.004022e-03
2.558042e-02, 4.223717e-02, 1.210973e-03, 4.944758e-03
2.635117e-02, 4.162672e-02, 1.437404e-03, 9.470506e-03
2.710053e-02, 4.099134e-02, 1.690218e-03, 2.803890e-03
2.788570e-02, 4.041601e-02, 1.764791e-03, 2.193334e-04
2.872840e-02, 3.992250e-02, 1.600765e-03, 5.882173e-03
2.959423e-02, 3.945377e-02, 1.330901e-03, 9.497741e-03
3.041806e-02, 3.892201e-02, 1.173621e-03, 4.391143e-04
3.115671e-02, 3.828005e-02, 1.256225e-03, 6.851216e-03
3.182594e-02, 3.755810e-02, 1.511855e-03, 8.275144e-03
3.249003e-02, 3.683741e-02, 1.733608e-03, 1.341380e-03
3.321023e-02, 3.618377e-02, 1.742002e-03, 9.241187e-04
3.399331e-02, 3.559567e-02, 1.530242e-03, 7.468434e-03
3.478327e-02, 3.500800e-02, 1.269724e-03, 7.748459e-03
3.550501e-02, 3.434662e-02, 1.171305e-03, 4.571669e-05
3.612564e-02, 3.358806e-02, 1.314645e-03, 1.015854e-02
3.668330e-02, 3.277652e-02, 1.583727e-03, 6.746136e-03
3.725794e-02, 3.198608e-02, 1.760760e-03, 4.476045e-04
3.790648e-02, 3.126062e-02, 1.702457e-03, 2.251693e-03
3.861463e-02, 3.058042e-02, 1.456008e-03, 1.020232e-02
3.930616e-02, 2.988098e-02, 1.220884e-03, 6.831404e-03
3.990365e-02, 2.910670e-02, 1.187390e-03, 1.777621e-03
4.039216e-02, 2.825492e-02, 1.382636e-03, 1.088126e-02
4.083326e-02, 2.737554e-02, 1.648593e-03, 4.188663e-03
-4.100327e-02, 2.748952e-02, 1.249220e-03, 2.455838e-04
-4.054030e-02, 2.835854e-02, 1.031073e-03, 2.918811e-03
-4.007597e-02, 2.923240e-02, 7.707958e-04, 2.786159e-03
-3.952420e-02, 3.004674e-02, 6.830904e-04, 2.734448e-04
-3.885988e-02, 3.077465e-02, 8.403047e-04, 3.139879e-03
-3.813781e-02, 3.145140e-02, 1.112753e-03, 1.620403e-03
-3.744576e-02, 3.214732e-02, 1.275694e-03, 2.497624e-05
-3.683207e-02, 3.290945e-02, 1.194718e-03, 8.451415e-04
-3.626773e-02, 3.372016e-02, 9.366218e-04, 2.230797e-03
-3.567283e-02, 3.450897e-02, 7.143082e-04, 1.131544e-03
-3.498364e-02, 3.520966e-02, 7.111628e-04, 1.776282e-03
-3.420412e-02, 3.581641e-02, 9.297803e-04, 2.097053e-03
-3.340030e-02, 3.639086e-02, 1.189824e-03, 7.240606e-04
-3.264443e-02, 3.701246e-02, 1.276784e-03, 5.191099e-05
-3.195618e-02, 3.771181e-02, 1.118929e-03, 1.693088e-03
-3.128919e-02, 3.844282e-02, 8.464710e-04, 2.605488e-03
-3.057184e-02, 3.911878e-02, 6.841611e-04, 2.100282e-05
-2.976674e-02, 3.968376e-02, 7.658876e-04, 2.369894e-03
-2.889969e-02, 4.016054e-02, 1.024235e-03, 2.668616e-03
-2.803582e-02, 4.063359e-02, 1.246093e-03, 2.729531e-04
-2.722510e-02, 4.117977e-02, 1.248452e-03, 3.061873e-04
-2.646297e-02, 4.180333e-02, 1.029366e-03, 2.859888e-03
-2.569734e-02, 4.243023e-02, 7.695582e-04, 2.811560e-03
-2.487375e-02, 4.296805e-02, 6.833432e-04, 4.127646e-04
-2.397974e-02, 4.338278e-02, 8.418394e-04, 2.672234e-03
-2.305250e-02, 4.372858e-02, 1.114304e-03, 1.314898e-03
-2.214585e-02, 4.410422e-02, 1.275981e-03, 1.794072e-05
-2.128599e-02, 4.457129e-02, 1.193505e-03, 8.517272e-04
-2.045267e-02, 4.510178e-02, 9.349091e-04, 2.394915e-03
-1.959933e-02, 4.559962e-02, 7.135085e-04, 4.392985e-04
-1.869288e-02, 4.597949e-02, 7.119358e-04, 6.778048e-04
-1.773947e-02, 4.623811e-02, 9.314883e-04, 1.469983e-03
-1.677636e-02, 4.645823e-02, 1.191058e-03, 7.142735e-04
-1.583945e-02, 4.674083e-02, 1.276527e-03, 3.808181e-05
-1.493489e-02, 4.712115e-02, 1.117392e-03, 1.524010e-03
-1.403751e-02, 4.753829e-02, 8.449226e-04, 2.403331e-03
-1.311474e-02, 4.788459e-02, 6.838786e-04, 1.696004e-05
-1.215382e-02, 4.809453e-02, 7.671041e-04, 1.751901e-03
-1.116992e-02, 4.819968e-02, 1.025947e-03, 2.286730e-03
-1.019054e-02, 4.830331e-02, 1.246888e-03, 2.628453e-04
-9.232027e-03, 4.849523e-02, 1.247674e-03, 2.662111e-04
-8.288407e-03, 4.877698e-02, 1.027657e-03, 2.077379e-03
-7.340151e-03, 4.905977e-02, 7.683276e-04, 2.009629e-03
-6.372732e-03, 4.923750e-02, 6.836060e-04, 1.436857e-04
-5.387863e-03, 4.927462e-02, 8.433787e-04, 2.186196e-03
-4.399011e-03, 4.923595e-02, 1.115850e-03, 1.382999e-03
-3.417689e-03, 4.923339e-02, 1.276259e-03, 2.729808e-05
-2.444242e-03, 4.933334e-02, 1.192285e-03, 7.630344e-04
-1.470776e-03, 4.950156e-02, 9.331979e-04, 1.646369e-03
-4.914142e-04, 4.963121e-02, 7.127177e-04, 3.290882e-04
4.914142e-04, 4.963121e-02, 7.127177e-04, 3.290958e-04
1.470776e-03, 4.950156e-02, 9.331979e-04, 1.646188e-03
2.444242e-03, 4.933334e-02, 1.192285e-03, 7.630568e-04
3.417689e-03, 4.923339e-02, 1.276259e-03, 2.729801e-05
4.399011e-03, 4.923595e-02, 1.115850e-03, 1.382999e-03
5.387863e-03, 4.927462e-02, 8.433787e-04, 2.186196e-03
6.372732e-03, 4.923750e-02, 6.836060e-04, 1.436857e-04
7.340151e-03, 4.905977e-02, 7.683276e-04, 2.009629e-03
8.288407e-03, 4.877698e-02, 1.027657e-03, 2.077379e-03
9.232027e-03, 4.849523e-02, 1.247674e-03, 2.662111e-04
1.019054e-02, 4.830331e-02, 1.246888e-03, 2.628453e-04
1.116992e-02, 4.819968e-02, 1.025947e-03, 2.286730e-03
1.215382e-02, 4.809453e-02, 7.671041e-04, 1.751901e-03
1.311474e-02, 4.788459e-02, 6.838786e-04, 1.696004e-05
1.403751e-02, 4.753829e-02, 8.449226e-04, 2.403331e-03
1.493489e-02, 4.712115e-02, 1.117392e-03, 1.524010e-03
1.583945e-02, 4.674083e-02, 1.276527e-03, 3.808181e-05
1.677636e-02, 4.645823e-02, 1.191058e-03, 7.142735e-04
1.773947e-02, 4.623811e-02, 9.314883e-04, 1.469983e-03
1.869288e-02, 4.597949e-02, 7.119358e-04, 6.778048e-04
1.959933e-02, 4.559962e-02, 7.135085e-04, 4.392985e-04
2.045267e-02, 4.510178e-02, 9.349091e-04, 2.394915e-03
2.128599e-02, 4.457129e-02, 1.193505e-03, 8.517272e-04
2.214585e-02, 4.410422e-02, 1.275981e-03, 1.794072e-05
2.305250e-02, 4.372858e-02, 1.114304e-03, 1.314898e-03
2.397974e-02, 4.338278e-02, 8.418394e-04, 2.672234e-03
2.487375e-02, 4.296805e-02, 6.833432e-04, 4.127646e-04
2.569734e-02, 4.243023e-02, 7.695582e-04, 2.811560e-03
2.646297e-02, 4.180333e-02, 1.029366e-03, 2.859888e-03
2.722510e-02, 4.117977e-02, 1.248452e-03, 3.061873e-04
2.803582e-02, 4.063359e-02, 1.246093e-03, 2.729531e-04
2.889969e-02, 4.016054e-02, 1.024235e-03, 2.668616e-03
2.976674e-02, 3.968376e-02, 7.658876e-04, 2.369893e-03
3.057184e-02, 3.911878e-02, 6.841611e-04, 2.100613e-05
3.128919e-02, 3.844282e-02, 8.464710e-04, 2.605259e-03
3.195618e-02, 3.771181e-02, 1.118929e-03, 1.694495e-03
3.264443e-02, 3.701246e-02, 1.276784e-03, 5.192293e-05
3.340030e-02, 3.639086e-02, 1.189824e-03, 7.240076e-04
3.420412e-02, 3.581641e-02, 9.297803e-04, 2.097135e-03
3.498364e-02, 3.520966e-02, 7.111628e-04, 1.776283e-03
3.567283e-02, 3.450897e-02, 7.143082e-04, 1.131516e-03
3.626773e-02, 3.372016e-02, 9.366218e-04, 2.230880e-03
3.683207e-02, 3.290945e-02, 1.194718e-03, 8.451951e-04
3.744576e-02, 3.214732e-02, 1.275694e-03, 2.497652e-05
3.813781e-02, 3.145140e-02, 1.112753e-03, 1.620403e-03
3.885988e-02, 3.077465e-02, 8.403047e-04, 3.139879e-03
3.952420e-02, 3.004674e-02, 6.830904e-04, 2.734448e-04
4.007597e-02, 2.923240e-02, 7.707958e-04, 2.786159e-03
4.054030e-02, 2.835854e-02, 1.031073e-03, 2.918811e-03
4.100327e-02, 2.748952e-02, 1.249220e-03, 2.455838e-04
-4.119816e-02, 2.762018e-02, 7.899445e-04, 3.934294e-09
-4.069291e-02, 2.846529e-02, 6.685926e-04, 7.211096e-06
-4.023095e-02, 2.934545e-02, 3.971302e-04, 2.120142e-04
-3.971899e-02, 3.019482e-02, 2.037266e-04, 1.346766e-03
-3.909482e-02, 3.096070e-02, 2.509414e-04, 1.775814e-03
-3.837839e-02, 3.164980e-02, 4.990896e-04, 1.897457e-04
-3.765293e-02, 3.232518e-02, 7.395978e-04, 5.603578e-06
-3.699404e-02, 3.305416e-02, 7.703142e-04, 1.738501e-06
-3.640732e-02, 3.384995e-02, 5.654210e-04, 1.060416e-04
-3.582634e-02, 3.465747e-02, 2.971350e-04, 1.054174e-03
-3.517049e-02, 3.539772e-02, 1.909558e-04, 3.466690e-10
-3.441257e-02, 3.603469e-02, 3.361291e-04, 1.322118e-03
-3.359950e-02, 3.660790e-02, 6.106338e-04, 6.034809e-05
-3.281080e-02, 3.720110e-02, 7.837435e-04, 1.404594e-06
-3.209161e-02, 3.787163e-02, 7.099561e-04, 5.158328e-06
-3.141708e-02, 3.859995e-02, 4.512912e-04, 1.995810e-04
-3.071623e-02, 3.930355e-02, 2.251619e-04, 3.129787e-03
-2.993303e-02, 3.990545e-02, 2.216341e-04, 3.072997e-03
-2.907216e-02, 4.040021e-02, 4.436731e-04, 3.072309e-04
-2.819241e-02, 4.086054e-02, 7.046507e-04, 2.448212e-05
-2.735560e-02, 4.137715e-02, 7.852102e-04, 2.472761e-07
-2.657575e-02, 4.198149e-02, 6.176398e-04, 3.458808e-05
-2.581047e-02, 4.261703e-02, 3.427856e-04, 5.760456e-04
-2.499942e-02, 4.318513e-02, 1.916680e-04, 8.379999e-04
-2.411533e-02, 4.362807e-02, 2.913043e-04, 1.247863e-03
-2.318456e-02, 4.397908e-02, 5.579482e-04, 1.072774e-04
-2.226219e-02, 4.433590e-02, 7.674803e-04, 3.593345e-06
-2.138505e-02, 4.477871e-02, 7.437848e-04, 4.140118e-06
-2.054315e-02, 4.530129e-02, 5.067782e-04, 7.909815e-05
-1.969170e-02, 4.581453e-02, 2.556692e-04, 6.886632e-04
-1.879088e-02, 4.622054e-02, 2.015198e-04, 2.854663e-04
-1.783827e-02, 4.649563e-02, 3.898436e-04, 2.100905e-04
-1.686785e-02, 4.671157e-02, 6.623508e-04, 1.283575e-05
-1.591913e-02, 4.697597e-02, 7.899938e-04, 2.528412e-08
-1.500467e-02, 4.734131e-02, 6.654862e-04, 1.287175e-05
-1.410285e-02, 4.775957e-02, 3.934790e-04, 5.850887e-05
-1.317962e-02, 4.812150e-02, 2.025996e-04, 1.932831e-05
-1.221799e-02, 4.834846e-02, 2.532858e-04, 5.150280e-06
-1.123008e-02, 4.845931e-02, 5.029350e-04, 3.925678e-05
-1.024371e-02, 4.855535e-02, 7.417120e-04, 3.890551e-06
-9.277728e-03, 4.873530e-02, 7.689202e-04, 1.463259e-06
-8.328275e-03, 4.901160e-02, 5.616905e-04, 1.463985e-05
-7.375968e-03, 4.929917e-02, 2.942036e-04, 7.427394e-05
-6.404970e-03, 4.948659e-02, 1.912873e-04, 1.440231e-04
-5.415794e-03, 4.953007e-02, 3.394449e-04, 5.484260e-06
-4.421780e-03, 4.949079e-02, 6.141470e-04, 2.203488e-06
-3.435063e-03, 4.948366e-02, 7.845011e-04, 8.120612e-07
-2.456488e-03, 4.958052e-02, 7.073213e-04, 1.302390e-05
-1.478137e-03, 4.974931e-02, 4.474787e-04, 2.781933e-06
-4.938861e-04, 4.988087e-02, 2.233761e-04, 1.280138e-03
4.938861e-04, 4.988087e-02, 2.233761e-04, 1.280138e-03
1.478137e-03, 4.974931e-02, 4.474787e-04, 2.781933e-06
2.456488e-03, 4.958052e-02, 7.073213e-04, 1.302390e-05
3.435063e-03, 4.948366e-02, 7.845011e-04, 8.120612e-07
4.421780e-03, 4.949079e-02, 6.141470e-04, 2.203488e-06
5.415794e-03, 4.953007e-02, 3.394449e-04, 5.484260e-06
6.404970e-03, 4.948659e-02, 1.912873e-04, 1.440231e-04
7.375968e-03, 4.929917e-02, 2.942036e-04, 7.427394e-05
8.328275e-03, 4.901160e-02, 5.616905e-04, 1.463985e-05
9.277728e-03, 4.873530e-02, 7.689202e-04, 1.463259e-06
1.024371e-02, 4.855535e-02, 7.417120e-04, 3.890551e-06
1.123008e-02, 4.845931e-02, 5.029350e-04, 3.925678e-05
1.221799e-02, 4.834846e-02, 2.532858e-04, 5.150280e-06
1.317962e-02, 4.812150e-02, 2.025996e-04, 1.932831e-05
1.410285e-02, 4.775957e-02, 3.934790e-04, 5.850887e-05
1.500467e-02, 4.734131e-02, 6.654862e-04, 1.287175e-05
1.591913e-02, 4.697597e-02, 7.899938e-04, 2.528412e-08
1.686785e-02, 4.671157e-02, 6.623508e-04, 1.283575e-05
1.783827e-02, 4.649563e-02, 3.898436e-04, 2.100905e-04
1.879088e-02, 4.622054e-02, 2.015198e-04, 2.854663e-04
1.969170e-02, 4.581453e-02, 2.556692e-04, 6.886632e-04
2.054315e-02, 4.530129e-02, 5.067782e-04, 7.909815e-05
2.138505e-02, 4.477871e-02, 7.437848e-04, 4.140118e-06
2.226219e-02, 4.433590e-02, 7.674803e-04, 3.593345e-06
2.318456e-02, 4.397908e-02, 5.579482e-04, 1.072774e-04
2.411533e-02, 4.362807e-02, 2.913043e-04, 1.247863e-03
2.499942e-02, 4.318513e-02, 1.916680e-04, 8.379999e-04
2.581047e-02, 4.261703e-02, 3.427856e-04, 5.760456e-04
2.657575e-02, 4.198149e-02, 6.176398e-04, 3.458808e-05
2.735560e-02, 4.137715e-02, 7.852102e-04, 2.472761e-07
2.819241e-02, 4.086054e-02, 7.046507e-04, 2.448212e-05
2.907216e-02, 4.040021e-02, 4.436731e-04, 3.072309e-04
2.993303e-02, 3.990545e-02, 2.216341e-04, 3.072997e-03
3.071623e-02, 3.930355e-02, 2.251619e-04, 3.129787e-03
3.141708e-02, 3.859995e-02, 4.512912e-04, 1.995810e-04
3.209161e-02, 3.787163e-02, 7.099561e-04, 5.158328e-06
3.281080e-02, 3.720110e-02, 7.837435e-04, 1.404594e-06
3.359950e-02, 3.660790e-02, 6.106338e-04, 6.034809e-05
3.441257e-02, 3.603469e-02, 3.361291e-04, 1.322118e-03
3.517049e-02, 3.539772e-02, 1.909558e-04, 3.466686e-10
3.582634e-02, 3.465747e-02, 2.971350e-04, 1.054174e-03
3.640732e-02, 3.384995e-02, 5.654210e-04, 1.060416e-04
3.699404e-02, 3.305416e-02, 7.703142e-04, 1.738501e-06
3.765293e-02, 3.232518e-02, 7.395978e-04, 5.603578e-06
3.837839e-02, 3.164980e-02, 4.990896e-04, 1.897457e-04
3.909482e-02, 3.096070e-02, 2.509414e-04, 1.775814e-03
3.971899e-02, 3.019482e-02, 2.037266e-04, 1.346766e-03
4.023095e-02, 2.934545e-02, 3.971302e-04, 2.120147e-04
4.069291e-02, 2.846529e-02, 6.685926e-04, 7.210861e-06
4.119816e-02, 2.762018e-02, 7.899445e-04, 4.477755e-09
