# 2D brain simulation: Stokes pressure variance in radial direction as a function of fluid path width
#
# --- Brain parameters (fixed) --- #
# lc = 1.000000e-03 
# arcLen = 0.100000 m
# r_brain = 0.010000 m
# d_ratio = NaN
# r_curv = 0.050000 m
# inner_perturb = (x,z) -> 0.3e-3 * cos(pi * abs(x) / 2e-3) 
# outer_perturb = (x,z) -> 0.0 
# BS_points = 1000
# field_Lc_lim = (0.500000, 1.000000) 
# field_Dist_lim = (0.001000, 0.005000) m 
#
# --- PDE parameters (fixed=) --- #
# μ = 8.000000e-04 Pa*s
# Κ = 1.000000e-06 m^2
# α = (x) -> 1*μ/sqrt(Κ)
# ps0 = (x) -> x[1] < 0 ? 1*133.3224 : 0.
# ∇pd0 = (x) -> VectorValue(0.0, 0.0)
#
# --- Sampling --- #
# num_samples = 5
# num_rad_lines = 100
# width = [5.000e-03, 3.875e-03, 2.750e-03, 1.625e-03, 5.000e-04]
#
# --- Data --- #
mean_pos_x, mean_pos_y, rad_len, variance
-3.957664e-02, 2.653307e-02, 4.604379e-03, 1.614803e-01
-3.896362e-02, 2.725563e-02, 4.799345e-03, 4.846215e-02
-3.827007e-02, 2.791513e-02, 5.161349e-03, 8.651076e-02
-3.773837e-02, 2.868913e-02, 5.089641e-03, 7.651142e-02
-3.731438e-02, 2.955070e-02, 4.703221e-03, 5.189865e-03
-3.674503e-02, 3.030280e-02, 4.643359e-03, 3.582492e-02
-3.599894e-02, 3.090522e-02, 5.009395e-03, 2.318914e-02
-3.531115e-02, 3.155051e-02, 5.193889e-03, 4.690445e-03
-3.479054e-02, 3.234674e-02, 4.890670e-03, 1.795360e-02
-3.424664e-02, 3.312930e-02, 4.602934e-03, 5.679941e-04
-3.351161e-02, 3.372811e-02, 4.808183e-03, 2.164213e-02
-3.271370e-02, 3.425574e-02, 5.165803e-03, 3.031925e-03
-3.205723e-02, 3.492753e-02, 5.082320e-03, 1.391492e-02
-3.148703e-02, 3.570020e-02, 4.696274e-03, 9.917149e-03
-3.078947e-02, 3.633496e-02, 4.648314e-03, 6.904567e-03
-2.994729e-02, 3.679412e-02, 5.018030e-03, 1.567927e-02
-2.915934e-02, 3.731139e-02, 5.191874e-03, 1.348945e-03
-2.850800e-02, 3.800566e-02, 4.881349e-03, 1.919873e-02
-2.783152e-02, 3.867615e-02, 4.601776e-03, 7.279428e-05
-2.699910e-02, 3.913103e-02, 4.817109e-03, 1.813920e-02
-2.612168e-02, 3.951077e-02, 5.170001e-03, 3.811612e-03
-2.535967e-02, 4.006046e-02, 5.074822e-03, 1.257400e-02
-2.466128e-02, 4.071953e-02, 4.689524e-03, 1.074668e-02
-2.385919e-02, 4.121544e-02, 4.653513e-03, 7.067104e-03
-2.294819e-02, 4.151655e-02, 5.026551e-03, 1.529952e-02
-2.208362e-02, 4.189069e-02, 5.189576e-03, 1.440823e-03
-2.132107e-02, 4.246163e-02, 4.872046e-03, 1.894534e-02
-2.053454e-02, 4.299781e-02, 4.600907e-03, 1.646620e-05
-1.963262e-02, 4.329343e-02, 4.826116e-03, 1.844920e-02
-1.870286e-02, 4.351390e-02, 5.173937e-03, 3.624683e-03
-1.785770e-02, 4.392516e-02, 5.067156e-03, 1.288995e-02
-1.705325e-02, 4.444949e-02, 4.682977e-03, 1.248764e-02
-1.617386e-02, 4.478974e-02, 4.658951e-03, 7.408497e-03
-1.522348e-02, 4.492316e-02, 5.034949e-03, 1.464308e-02
-1.430802e-02, 4.514331e-02, 5.186997e-03, 1.736483e-03
-1.345726e-02, 4.557325e-02, 4.862770e-03, 1.907309e-02
-1.258690e-02, 4.595734e-02, 4.600326e-03, 9.425729e-06
-1.164567e-02, 4.608370e-02, 4.835195e-03, 1.801888e-02
-1.069225e-02, 4.613847e-02, 5.177608e-03, 3.045906e-03
-9.788787e-03, 4.639901e-02, 5.059327e-03, 1.336058e-02
-8.903919e-03, 4.677170e-02, 4.676641e-03, 1.123511e-02
-7.977068e-03, 4.694476e-02, 4.664622e-03, 9.147711e-03
-7.017955e-03, 4.690630e-02, 5.043216e-03, 1.407555e-02
-6.078758e-03, 4.696618e-02, 5.184141e-03, 2.264790e-03
-5.165572e-03, 4.724166e-02, 4.853531e-03, 1.936536e-02
-4.240421e-03, 4.746093e-02, 4.600036e-03, 7.722516e-05
-3.291372e-03, 4.741373e-02, 4.844336e-03, 1.817758e-02
-2.343572e-03, 4.730147e-02, 5.181011e-03, 2.768886e-03
-1.408436e-03, 4.740341e-02, 5.051345e-03, 1.375941e-02
-4.714254e-04, 4.761241e-02, 4.670520e-03, 1.011180e-02
4.714254e-04, 4.761241e-02, 4.670520e-03, 1.010935e-02
1.408436e-03, 4.740341e-02, 5.051345e-03, 1.371552e-02
2.343572e-03, 4.730147e-02, 5.181011e-03, 3.134205e-03
3.291372e-03, 4.741373e-02, 4.844336e-03, 1.932882e-02
4.240421e-03, 4.746093e-02, 4.600036e-03, 2.059246e-04
5.165572e-03, 4.724166e-02, 4.853531e-03, 1.890363e-02
6.078758e-03, 4.696618e-02, 5.184141e-03, 2.180540e-03
7.017955e-03, 4.690630e-02, 5.043216e-03, 1.414010e-02
7.977068e-03, 4.694476e-02, 4.664622e-03, 8.821566e-03
8.903919e-03, 4.677170e-02, 4.676641e-03, 1.063533e-02
9.788787e-03, 4.639901e-02, 5.059327e-03, 1.333031e-02
1.069225e-02, 4.613847e-02, 5.177608e-03, 3.103102e-03
1.164567e-02, 4.608370e-02, 4.835195e-03, 1.891227e-02
1.258690e-02, 4.595734e-02, 4.600326e-03, 1.653996e-04
1.345726e-02, 4.557325e-02, 4.862770e-03, 1.941723e-02
1.430802e-02, 4.514331e-02, 5.186997e-03, 2.018683e-03
1.522348e-02, 4.492316e-02, 5.034949e-03, 1.477961e-02
1.617386e-02, 4.478974e-02, 4.658951e-03, 8.338592e-03
1.705325e-02, 4.444949e-02, 4.682977e-03, 1.140519e-02
1.785770e-02, 4.392516e-02, 5.067156e-03, 1.269750e-02
1.870286e-02, 4.351390e-02, 5.173937e-03, 3.184221e-03
1.963262e-02, 4.329343e-02, 4.826116e-03, 1.826146e-02
2.053454e-02, 4.299781e-02, 4.600907e-03, 8.133951e-06
2.132107e-02, 4.246163e-02, 4.872046e-03, 1.915849e-02
2.208362e-02, 4.189069e-02, 5.189576e-03, 1.506586e-03
2.294819e-02, 4.151655e-02, 5.026551e-03, 1.514639e-02
2.385919e-02, 4.121544e-02, 4.653513e-03, 7.424383e-03
2.466128e-02, 4.071953e-02, 4.689524e-03, 1.123010e-02
2.535967e-02, 4.006046e-02, 5.074822e-03, 1.242568e-02
2.612168e-02, 3.951077e-02, 5.170001e-03, 3.865965e-03
2.699910e-02, 3.913103e-02, 4.817109e-03, 1.826641e-02
2.783152e-02, 3.867615e-02, 4.601776e-03, 9.750797e-05
2.850800e-02, 3.800566e-02, 4.881349e-03, 1.960487e-02
2.915934e-02, 3.731139e-02, 5.191874e-03, 1.374720e-03
2.994729e-02, 3.679412e-02, 5.018030e-03, 1.543218e-02
3.078947e-02, 3.633496e-02, 4.648314e-03, 7.932127e-03
3.148703e-02, 3.570020e-02, 4.696274e-03, 9.563269e-03
3.205723e-02, 3.492753e-02, 5.082320e-03, 1.337798e-02
3.271370e-02, 3.425574e-02, 5.165803e-03, 3.086185e-03
3.351161e-02, 3.372811e-02, 4.808183e-03, 2.222555e-02
3.424664e-02, 3.312930e-02, 4.602934e-03, 5.338328e-04
3.479054e-02, 3.234674e-02, 4.890670e-03, 1.898395e-02
3.531115e-02, 3.155051e-02, 5.193889e-03, 4.840602e-03
3.599894e-02, 3.090522e-02, 5.009395e-03, 2.322225e-02
3.674503e-02, 3.030280e-02, 4.643359e-03, 3.626098e-02
3.731438e-02, 2.955070e-02, 4.703221e-03, 5.264941e-03
3.773837e-02, 2.868913e-02, 5.089641e-03, 7.601648e-02
3.827007e-02, 2.791513e-02, 5.161349e-03, 8.607549e-02
3.896362e-02, 2.725563e-02, 4.799345e-03, 4.954666e-02
3.957664e-02, 2.653307e-02, 4.604379e-03, 1.880775e-01
-3.988042e-02, 2.673673e-02, 3.895403e-03, 5.239683e-01
-3.949298e-02, 2.762592e-02, 3.529828e-03, 7.911487e-03
-3.889898e-02, 2.837387e-02, 3.626970e-03, 2.514201e-02
-3.817353e-02, 2.901994e-02, 4.018902e-03, 1.109406e-02
-3.758782e-02, 2.976726e-02, 4.028103e-03, 3.988495e-02
-3.714126e-02, 3.062957e-02, 3.638667e-03, 3.575715e-03
-3.657107e-02, 3.139640e-02, 3.523801e-03, 2.017481e-02
-3.580865e-02, 3.199502e-02, 3.882071e-03, 1.297183e-02
-3.509045e-02, 3.262558e-02, 4.094145e-03, 4.339209e-03
-3.454563e-02, 3.341855e-02, 3.793418e-03, 1.227573e-02
-3.398064e-02, 3.420018e-02, 3.499747e-03, 2.971626e-04
-3.322046e-02, 3.478639e-02, 3.720794e-03, 1.274127e-02
-3.240559e-02, 3.530709e-02, 4.074440e-03, 1.101125e-03
-3.174151e-02, 3.598872e-02, 3.949348e-03, 1.054428e-02
-3.114797e-02, 3.675802e-02, 3.561761e-03, 3.688338e-03
-3.040774e-02, 3.735984e-02, 3.581689e-03, 7.392609e-03
-2.954103e-02, 3.779978e-02, 3.974684e-03, 7.288951e-03
-2.876076e-02, 3.834263e-02, 4.061386e-03, 3.890389e-03
-2.810381e-02, 3.905454e-02, 3.691916e-03, 9.468064e-03
-2.737808e-02, 3.968030e-02, 3.504966e-03, 7.487989e-04
-2.649912e-02, 4.008168e-02, 3.823711e-03, 1.075917e-02
-2.562716e-02, 4.048300e-02, 4.097146e-03, 2.290093e-05
-2.488389e-02, 4.108709e-02, 3.852591e-03, 1.084571e-02
-2.415057e-02, 4.171879e-02, 3.512802e-03, 8.025307e-04
-2.328292e-02, 4.212214e-02, 3.665162e-03, 9.122417e-03
-2.235544e-02, 4.240632e-02, 4.046291e-03, 4.392886e-03
-2.152237e-02, 4.286253e-02, 3.997342e-03, 6.863870e-03
-2.075443e-02, 4.345824e-02, 3.602932e-03, 7.065366e-03
-1.990185e-02, 4.388711e-02, 3.544866e-03, 3.610062e-03
-1.895419e-02, 4.409864e-02, 3.923521e-03, 9.372444e-03
-1.804701e-02, 4.439081e-02, 4.084327e-03, 1.433998e-03
-1.722450e-02, 4.489585e-02, 3.749303e-03, 1.093868e-02
-1.637490e-02, 4.534648e-02, 3.497596e-03, 1.172275e-04
-1.543100e-02, 4.553551e-02, 3.764325e-03, 1.021068e-02
-1.447738e-02, 4.567766e-02, 4.088403e-03, 7.420047e-04
-1.359541e-02, 4.604111e-02, 3.909606e-03, 1.016815e-02
-1.273031e-02, 4.648096e-02, 3.537015e-03, 2.557294e-03
-1.179794e-02, 4.668625e-02, 3.614717e-03, 6.271601e-03
-1.082677e-02, 4.671895e-02, 4.008391e-03, 6.850155e-03
-9.896574e-03, 4.690992e-02, 4.037503e-03, 4.510812e-03
-9.001858e-03, 4.728617e-02, 3.651729e-03, 8.859150e-03
-8.075000e-03, 4.752109e-02, 3.517945e-03, 1.354400e-03
-7.106611e-03, 4.749885e-02, 3.867420e-03, 1.056255e-02
-6.150036e-03, 4.751689e-02, 4.096027e-03, 1.497409e-04
-5.223585e-03, 4.777223e-02, 3.808579e-03, 1.123187e-02
-4.290281e-03, 4.801898e-02, 3.501979e-03, 2.357558e-04
-3.331558e-03, 4.799263e-02, 3.706238e-03, 9.706889e-03
-2.371661e-03, 4.786840e-02, 4.068259e-03, 2.387472e-03
-1.424943e-03, 4.795897e-02, 3.962226e-03, 8.938438e-03
-4.769777e-04, 4.817317e-02, 3.571436e-03, 4.154093e-03
4.769777e-04, 4.817317e-02, 3.571436e-03, 3.653074e-03
1.424943e-03, 4.795897e-02, 3.962226e-03, 8.944850e-03
2.371661e-03, 4.786840e-02, 4.068259e-03, 2.371123e-03
3.331558e-03, 4.799263e-02, 3.706238e-03, 9.441535e-03
4.290281e-03, 4.801898e-02, 3.501979e-03, 2.304812e-04
5.223585e-03, 4.777223e-02, 3.808579e-03, 1.111562e-02
6.150036e-03, 4.751689e-02, 4.096027e-03, 1.612782e-04
7.106611e-03, 4.749885e-02, 3.867420e-03, 1.060282e-02
8.075000e-03, 4.752109e-02, 3.517945e-03, 1.466105e-03
9.001858e-03, 4.728617e-02, 3.651729e-03, 8.768845e-03
9.896574e-03, 4.690992e-02, 4.037503e-03, 4.443963e-03
1.082677e-02, 4.671895e-02, 4.008391e-03, 6.824257e-03
1.179794e-02, 4.668625e-02, 3.614717e-03, 6.267457e-03
1.273031e-02, 4.648096e-02, 3.537015e-03, 2.560012e-03
1.359541e-02, 4.604111e-02, 3.909606e-03, 1.016282e-02
1.447738e-02, 4.567766e-02, 4.088403e-03, 7.420287e-04
1.543100e-02, 4.553551e-02, 3.764325e-03, 1.021054e-02
1.637490e-02, 4.534648e-02, 3.497596e-03, 1.177553e-04
1.722450e-02, 4.489585e-02, 3.749303e-03, 1.108744e-02
1.804701e-02, 4.439081e-02, 4.084327e-03, 1.352977e-03
1.895419e-02, 4.409864e-02, 3.923521e-03, 9.346619e-03
1.990185e-02, 4.388711e-02, 3.544866e-03, 3.609947e-03
2.075443e-02, 4.345824e-02, 3.602932e-03, 7.064975e-03
2.152237e-02, 4.286253e-02, 3.997342e-03, 6.867774e-03
2.235544e-02, 4.240632e-02, 4.046291e-03, 4.396744e-03
2.328292e-02, 4.212214e-02, 3.665162e-03, 9.118257e-03
2.415057e-02, 4.171879e-02, 3.512802e-03, 6.871385e-04
2.488389e-02, 4.108709e-02, 3.852591e-03, 1.071297e-02
2.562716e-02, 4.048300e-02, 4.097146e-03, 2.430933e-05
2.649912e-02, 4.008168e-02, 3.823711e-03, 1.109329e-02
2.737808e-02, 3.968030e-02, 3.504966e-03, 8.525744e-04
2.810381e-02, 3.905454e-02, 3.691916e-03, 9.375798e-03
2.876076e-02, 3.834263e-02, 4.061386e-03, 3.892179e-03
2.954103e-02, 3.779978e-02, 3.974684e-03, 7.300997e-03
3.040774e-02, 3.735984e-02, 3.581689e-03, 7.390199e-03
3.114797e-02, 3.675802e-02, 3.561761e-03, 3.687170e-03
3.174151e-02, 3.598872e-02, 3.949348e-03, 1.053286e-02
3.240559e-02, 3.530709e-02, 4.074440e-03, 1.088604e-03
3.322046e-02, 3.478639e-02, 3.720794e-03, 1.277908e-02
3.398064e-02, 3.420018e-02, 3.499747e-03, 2.941431e-04
3.454563e-02, 3.341855e-02, 3.793418e-03, 1.226960e-02
3.509045e-02, 3.262558e-02, 4.094145e-03, 4.342642e-03
3.580865e-02, 3.199502e-02, 3.882071e-03, 1.297013e-02
3.657107e-02, 3.139640e-02, 3.523801e-03, 2.017562e-02
3.714126e-02, 3.062957e-02, 3.638667e-03, 3.576062e-03
3.758782e-02, 2.976726e-02, 4.028103e-03, 3.988417e-02
3.817353e-02, 2.901994e-02, 4.018902e-03, 1.107695e-02
3.889898e-02, 2.837387e-02, 3.626970e-03, 2.516245e-02
3.949298e-02, 2.762592e-02, 3.529828e-03, 7.487766e-03
3.988042e-02, 2.673673e-02, 3.895403e-03, 5.290933e-01
-4.027859e-02, 2.700367e-02, 2.959163e-03, 2.634947e+00
-3.977535e-02, 2.782345e-02, 2.863123e-03, 4.857427e-01
-3.937754e-02, 2.872295e-02, 2.464771e-03, 8.962029e-02
-3.879487e-02, 2.949229e-02, 2.480408e-03, 1.019443e-01
-3.804591e-02, 3.013004e-02, 2.881917e-03, 7.437026e-03
-3.741663e-02, 3.085666e-02, 2.947319e-03, 2.328743e-02
-3.694562e-02, 3.171795e-02, 2.559011e-03, 2.350279e-03
-3.636395e-02, 3.249118e-02, 2.415234e-03, 8.711038e-03
-3.558191e-02, 3.308252e-02, 2.774522e-03, 3.453243e-03
-3.484215e-02, 3.370539e-02, 2.990817e-03, 3.076983e-03
-3.427916e-02, 3.450063e-02, 2.675185e-03, 3.994910e-03
-3.368599e-02, 3.527386e-02, 2.395184e-03, 6.109393e-04
-3.289334e-02, 3.583850e-02, 2.654301e-03, 3.666248e-03
-3.206736e-02, 3.635818e-02, 2.986602e-03, 4.949337e-05
-3.140323e-02, 3.705927e-02, 2.794555e-03, 4.656249e-03
-3.078039e-02, 3.781770e-02, 2.423492e-03, 1.200168e-04
-2.998947e-02, 3.837361e-02, 2.540644e-03, 2.120102e-03
-2.910535e-02, 3.880202e-02, 2.935353e-03, 1.609168e-03
-2.834228e-02, 3.938593e-02, 2.897868e-03, 3.493028e-03
-2.767109e-02, 4.010496e-02, 2.495594e-03, 9.164630e-04
-2.688361e-02, 4.066323e-02, 2.451884e-03, 8.404317e-04
-2.596795e-02, 4.102135e-02, 2.845337e-03, 3.333493e-03
-2.511872e-02, 4.147484e-02, 2.968459e-03, 1.113584e-03
-2.438490e-02, 4.212358e-02, 2.599858e-03, 2.323371e-03
-2.359382e-02, 4.268459e-02, 2.402337e-03, 1.001460e-04
-2.266736e-02, 4.299800e-02, 2.731072e-03, 3.545561e-03
-2.175232e-02, 4.332049e-02, 2.994943e-03, 5.188959e-06
-2.094964e-02, 4.386700e-02, 2.719468e-03, 3.497218e-03
-2.014291e-02, 4.441869e-02, 2.399995e-03, 1.474923e-04
-1.921778e-02, 4.471191e-02, 2.610989e-03, 2.531954e-03
-1.826051e-02, 4.491596e-02, 2.973048e-03, 1.043703e-03
-1.739226e-02, 4.533311e-02, 2.835131e-03, 3.558983e-03
-1.655743e-02, 4.585196e-02, 2.445236e-03, 5.245984e-04
-1.563678e-02, 4.614278e-02, 2.504457e-03, 1.179944e-03
-1.465935e-02, 4.625181e-02, 2.906306e-03, 2.888537e-03
-1.373756e-02, 4.652252e-02, 2.928193e-03, 2.077463e-03
-1.286618e-02, 4.697707e-02, 2.530761e-03, 1.848689e-03
-1.194599e-02, 4.727211e-02, 2.428658e-03, 3.408173e-04
-1.096509e-02, 4.731584e-02, 2.805481e-03, 3.994739e-03
-1.000767e-02, 4.743651e-02, 2.983641e-03, 3.908484e-04
-9.098304e-03, 4.779280e-02, 2.642778e-03, 3.169518e-03
-8.170876e-03, 4.808531e-02, 2.395818e-03, 1.261229e-05
-7.195621e-03, 4.809377e-02, 2.686836e-03, 3.586680e-03
-6.222301e-03, 4.807523e-02, 2.992534e-03, 1.648003e-04
-5.281621e-03, 4.830299e-02, 2.763218e-03, 4.004821e-03
-4.339815e-03, 4.857340e-02, 2.411235e-03, 2.322544e-04
-3.371697e-03, 4.857086e-02, 2.569508e-03, 2.352062e-03
-2.399801e-03, 4.843637e-02, 2.953436e-03, 1.655110e-03
-1.441457e-03, 4.851476e-02, 2.872654e-03, 3.333984e-03
-4.825296e-04, 4.873390e-02, 2.472421e-03, 1.176744e-03
4.825296e-04, 4.873390e-02, 2.472421e-03, 1.099221e-03
1.441457e-03, 4.851476e-02, 2.872654e-03, 3.345510e-03
2.399801e-03, 4.843637e-02, 2.953436e-03, 1.653906e-03
3.371697e-03, 4.857086e-02, 2.569508e-03, 2.350208e-03
4.339815e-03, 4.857340e-02, 2.411235e-03, 2.218647e-04
5.281621e-03, 4.830299e-02, 2.763218e-03, 4.023341e-03
6.222301e-03, 4.807523e-02, 2.992534e-03, 1.942235e-04
7.195621e-03, 4.809377e-02, 2.686836e-03, 3.595112e-03
8.170876e-03, 4.808531e-02, 2.395818e-03, 8.003562e-06
9.098304e-03, 4.779280e-02, 2.642778e-03, 3.215080e-03
1.000767e-02, 4.743651e-02, 2.983641e-03, 3.573913e-04
1.096509e-02, 4.731584e-02, 2.805481e-03, 3.954109e-03
1.194599e-02, 4.727211e-02, 2.428658e-03, 3.489596e-04
1.286618e-02, 4.697707e-02, 2.530761e-03, 1.744466e-03
1.373756e-02, 4.652252e-02, 2.928193e-03, 2.025139e-03
1.465935e-02, 4.625181e-02, 2.906306e-03, 2.957770e-03
1.563678e-02, 4.614278e-02, 2.504457e-03, 1.172418e-03
1.655743e-02, 4.585196e-02, 2.445236e-03, 6.806244e-04
1.739226e-02, 4.533311e-02, 2.835131e-03, 3.518388e-03
1.826051e-02, 4.491596e-02, 2.973048e-03, 1.095541e-03
1.921778e-02, 4.471191e-02, 2.610989e-03, 2.525047e-03
2.014291e-02, 4.441869e-02, 2.399995e-03, 5.612807e-05
2.094964e-02, 4.386700e-02, 2.719468e-03, 3.506383e-03
2.175232e-02, 4.332049e-02, 2.994943e-03, 2.903989e-06
2.266736e-02, 4.299800e-02, 2.731072e-03, 3.534834e-03
2.359382e-02, 4.268459e-02, 2.402337e-03, 1.760901e-04
2.438490e-02, 4.212358e-02, 2.599858e-03, 2.284704e-03
2.511872e-02, 4.147484e-02, 2.968459e-03, 1.121222e-03
2.596795e-02, 4.102135e-02, 2.845337e-03, 3.384091e-03
2.688361e-02, 4.066323e-02, 2.451884e-03, 6.560684e-04
2.767109e-02, 4.010496e-02, 2.495594e-03, 9.597979e-04
2.834228e-02, 3.938593e-02, 2.897868e-03, 3.470104e-03
2.910535e-02, 3.880202e-02, 2.935353e-03, 1.696747e-03
2.998947e-02, 3.837361e-02, 2.540644e-03, 2.030072e-03
3.078039e-02, 3.781770e-02, 2.423492e-03, 1.140370e-04
3.140323e-02, 3.705927e-02, 2.794555e-03, 4.657895e-03
3.206736e-02, 3.635818e-02, 2.986602e-03, 4.514849e-05
3.289334e-02, 3.583850e-02, 2.654301e-03, 3.647991e-03
3.368599e-02, 3.527386e-02, 2.395184e-03, 6.280035e-04
3.427916e-02, 3.450063e-02, 2.675185e-03, 3.928393e-03
3.484215e-02, 3.370539e-02, 2.990817e-03, 3.064261e-03
3.558191e-02, 3.308252e-02, 2.774522e-03, 3.479035e-03
3.636395e-02, 3.249118e-02, 2.415234e-03, 8.353306e-03
3.694562e-02, 3.171795e-02, 2.559011e-03, 2.160110e-03
3.741663e-02, 3.085666e-02, 2.947319e-03, 2.315165e-02
3.804591e-02, 3.013004e-02, 2.881917e-03, 7.626252e-03
3.879487e-02, 2.949229e-02, 2.480408e-03, 1.006710e-01
3.937754e-02, 2.872295e-02, 2.464771e-03, 8.458678e-02
3.977535e-02, 2.782345e-02, 2.863123e-03, 4.744077e-01
4.027859e-02, 2.700367e-02, 2.959163e-03, 2.574798e+00
-4.093142e-02, 2.744135e-02, 1.409717e-03, 3.946596e-01
-4.021285e-02, 2.812948e-02, 1.817795e-03, 1.963974e-01
-3.965313e-02, 2.892397e-02, 1.805044e-03, 5.888985e-02
-3.923575e-02, 2.982745e-02, 1.395282e-03, 7.271279e-02
-3.865367e-02, 3.061134e-02, 1.353904e-03, 4.546801e-03
-3.788401e-02, 3.124210e-02, 1.758200e-03, 5.498005e-04
-3.722201e-02, 3.195523e-02, 1.852985e-03, 2.520732e-03
-3.672805e-02, 3.281650e-02, 1.461210e-03, 1.221394e-03
-3.612472e-02, 3.358720e-02, 1.314671e-03, 1.105844e-04
-3.531875e-02, 3.416644e-02, 1.687089e-03, 1.914221e-04
-3.456633e-02, 3.478965e-02, 1.882824e-03, 2.127718e-04
-3.399037e-02, 3.559258e-02, 1.536263e-03, 2.015860e-04
-3.336060e-02, 3.634760e-02, 1.294747e-03, 3.416194e-05
-3.253029e-02, 3.688305e-02, 1.609404e-03, 1.255322e-04
-3.170209e-02, 3.741195e-02, 1.892486e-03, 3.597561e-06
-3.104261e-02, 3.813986e-02, 1.615224e-03, 2.097543e-04
-3.037976e-02, 3.887300e-02, 1.295516e-03, 5.956102e-05
-2.953358e-02, 3.937291e-02, 1.530545e-03, 1.088062e-04
-2.864574e-02, 3.980763e-02, 1.881300e-03, 1.079695e-04
-2.790549e-02, 4.044469e-02, 1.692605e-03, 2.933163e-04
-2.720278e-02, 4.114600e-02, 1.316924e-03, 9.718680e-05
-2.634553e-02, 4.161781e-02, 1.455991e-03, 1.329040e-04
-2.541424e-02, 4.196278e-02, 1.850043e-03, 2.437113e-04
-2.460016e-02, 4.249543e-02, 1.763030e-03, 3.604805e-04
-2.385199e-02, 4.315167e-02, 1.357484e-03, 1.398973e-04
-2.298509e-02, 4.360070e-02, 1.390924e-03, 1.560406e-04
-2.202528e-02, 4.386409e-02, 1.800888e-03, 3.329946e-04
-2.114795e-02, 4.428226e-02, 1.821604e-03, 3.412350e-04
-2.035108e-02, 4.487776e-02, 1.414376e-03, 2.265590e-04
-1.947319e-02, 4.530615e-02, 1.339866e-03, 9.663855e-05
-1.849745e-02, 4.549879e-02, 1.737251e-03, 3.748236e-04
-1.757017e-02, 4.579684e-02, 1.864255e-03, 2.352653e-04
-1.672455e-02, 4.631476e-02, 1.483648e-03, 1.606619e-04
-1.583266e-02, 4.672079e-02, 1.306365e-03, 7.349495e-05
-1.485049e-02, 4.685488e-02, 1.663554e-03, 2.677073e-04
-1.388804e-02, 4.703210e-02, 1.888021e-03, 8.361412e-05
-1.299731e-02, 4.745582e-02, 1.560484e-03, 1.320201e-04
-1.208790e-02, 4.783366e-02, 1.292750e-03, 1.287652e-05
-1.110541e-02, 4.792132e-02, 1.584919e-03, 1.763925e-04
-1.012274e-02, 4.798195e-02, 1.891249e-03, 6.074761e-06
-9.194216e-03, 4.829662e-02, 1.639546e-03, 2.749678e-04
-8.264551e-03, 4.863659e-02, 1.299966e-03, 1.536422e-05
-7.284589e-03, 4.868841e-02, 1.506811e-03, 7.673744e-05
-6.295550e-03, 4.864117e-02, 1.873714e-03, 8.780049e-05
-5.339794e-03, 4.883501e-02, 1.715337e-03, 4.356771e-04
-4.389037e-03, 4.912431e-02, 1.327512e-03, 1.656237e-04
-3.411772e-03, 4.914814e-02, 1.434658e-03, 1.020129e-04
-2.427990e-03, 4.900532e-02, 1.836637e-03, 3.153358e-04
-1.457977e-03, 4.907080e-02, 1.782592e-03, 5.015720e-04
-4.880813e-04, 4.929460e-02, 1.373474e-03, 1.997294e-04
4.880813e-04, 4.929460e-02, 1.373474e-03, 1.993869e-04
1.457977e-03, 4.907080e-02, 1.782592e-03, 5.020603e-04
2.427990e-03, 4.900532e-02, 1.836637e-03, 3.158611e-04
3.411772e-03, 4.914814e-02, 1.434658e-03, 1.023426e-04
4.389037e-03, 4.912431e-02, 1.327512e-03, 1.655933e-04
5.339794e-03, 4.883501e-02, 1.715337e-03, 4.356770e-04
6.295550e-03, 4.864117e-02, 1.873714e-03, 8.776325e-05
7.284589e-03, 4.868841e-02, 1.506811e-03, 7.674990e-05
8.264551e-03, 4.863659e-02, 1.299966e-03, 1.531950e-05
9.194216e-03, 4.829662e-02, 1.639546e-03, 2.747988e-04
1.012274e-02, 4.798195e-02, 1.891249e-03, 6.075913e-06
1.110541e-02, 4.792132e-02, 1.584919e-03, 1.763786e-04
1.208790e-02, 4.783366e-02, 1.292750e-03, 1.287719e-05
1.299731e-02, 4.745582e-02, 1.560484e-03, 1.320211e-04
1.388804e-02, 4.703210e-02, 1.888021e-03, 8.369094e-05
1.485049e-02, 4.685488e-02, 1.663554e-03, 2.678015e-04
1.583266e-02, 4.672079e-02, 1.306365e-03, 7.431318e-05
1.672455e-02, 4.631476e-02, 1.483648e-03, 1.823846e-04
1.757017e-02, 4.579684e-02, 1.864255e-03, 2.333766e-04
1.849745e-02, 4.549879e-02, 1.737251e-03, 3.752506e-04
1.947319e-02, 4.530615e-02, 1.339866e-03, 9.592746e-05
2.035108e-02, 4.487776e-02, 1.414376e-03, 2.241248e-04
2.114795e-02, 4.428226e-02, 1.821604e-03, 3.411592e-04
2.202528e-02, 4.386409e-02, 1.800888e-03, 3.326537e-04
2.298509e-02, 4.360070e-02, 1.390924e-03, 1.559673e-04
2.385199e-02, 4.315167e-02, 1.357484e-03, 1.406994e-04
2.460016e-02, 4.249543e-02, 1.763030e-03, 3.611162e-04
2.541424e-02, 4.196278e-02, 1.850043e-03, 2.436976e-04
2.634553e-02, 4.161781e-02, 1.455991e-03, 1.329279e-04
2.720278e-02, 4.114600e-02, 1.316924e-03, 9.729930e-05
2.790549e-02, 4.044469e-02, 1.692605e-03, 2.933807e-04
2.864574e-02, 3.980763e-02, 1.881300e-03, 1.079576e-04
2.953358e-02, 3.937291e-02, 1.530545e-03, 1.086305e-04
3.037976e-02, 3.887300e-02, 1.295516e-03, 6.010877e-05
3.104261e-02, 3.813986e-02, 1.615224e-03, 2.094894e-04
3.170209e-02, 3.741195e-02, 1.892486e-03, 3.531250e-06
3.253029e-02, 3.688305e-02, 1.609404e-03, 1.255125e-04
3.336060e-02, 3.634760e-02, 1.294747e-03, 3.413287e-05
3.399037e-02, 3.559258e-02, 1.536263e-03, 2.021830e-04
3.456633e-02, 3.478965e-02, 1.882824e-03, 2.148733e-04
3.531875e-02, 3.416644e-02, 1.687089e-03, 1.912558e-04
3.612472e-02, 3.358720e-02, 1.314671e-03, 1.106467e-04
3.672805e-02, 3.281650e-02, 1.461210e-03, 1.221481e-03
3.722201e-02, 3.195523e-02, 1.852985e-03, 2.525323e-03
3.788401e-02, 3.124210e-02, 1.758200e-03, 5.538457e-04
3.865367e-02, 3.061134e-02, 1.353904e-03, 4.532032e-03
3.923575e-02, 2.982745e-02, 1.395282e-03, 7.274019e-02
3.965313e-02, 2.892397e-02, 1.805044e-03, 5.894682e-02
4.021285e-02, 2.812948e-02, 1.817795e-03, 1.968930e-01
4.093142e-02, 2.744135e-02, 1.409717e-03, 3.769382e-01
-4.140805e-02, 2.776089e-02, 2.845679e-04, 4.022354e+00
-4.085823e-02, 2.858094e-02, 2.650901e-04, 3.606536e-05
-4.011611e-02, 2.926167e-02, 6.814428e-04, 1.696296e-04
-3.951078e-02, 3.003653e-02, 7.268175e-04, 3.241846e-04
-3.907038e-02, 3.094135e-02, 3.132872e-04, 4.781231e-04
-3.847749e-02, 3.173152e-02, 2.421910e-04, 1.282249e-04
-3.768643e-02, 3.235394e-02, 6.512992e-04, 1.554431e-04
-3.700242e-02, 3.306165e-02, 7.478418e-04, 4.465910e-05
-3.648813e-02, 3.392508e-02, 3.447385e-04, 2.568778e-04
-3.585294e-02, 3.468320e-02, 2.231230e-04, 7.434863e-05
-3.501977e-02, 3.524602e-02, 6.186618e-04, 5.096157e-05
-3.426451e-02, 3.587965e-02, 7.648798e-04, 8.551130e-06
-3.367801e-02, 3.669343e-02, 3.784356e-04, 2.327912e-04
-3.300116e-02, 3.741693e-02, 2.081810e-04, 4.988436e-05
-3.213231e-02, 3.791966e-02, 5.840353e-04, 8.045152e-05
-3.131406e-02, 3.847338e-02, 7.776680e-04, 8.203086e-06
-3.065814e-02, 3.922921e-02, 4.138576e-04, 1.172638e-04
-2.994025e-02, 3.991507e-02, 1.975960e-04, 7.171163e-06
-2.904171e-02, 4.035789e-02, 5.479550e-04, 1.960233e-04
-2.816931e-02, 4.082705e-02, 7.860088e-04, 2.644032e-06
-2.744791e-02, 4.151677e-02, 4.504567e-04, 1.442578e-04
-2.668971e-02, 4.216151e-02, 1.915316e-04, 7.809030e-07
-2.576691e-02, 4.254510e-02, 5.109787e-04, 1.023770e-04
-2.484960e-02, 4.292632e-02, 7.897733e-04, 1.042894e-07
-2.406783e-02, 4.354214e-02, 4.876672e-04, 1.553279e-04
-2.327033e-02, 4.414179e-02, 1.900816e-04, 6.260965e-06
-2.232810e-02, 4.446718e-02, 4.736780e-04, 9.327053e-05
-2.137532e-02, 4.475835e-02, 7.889031e-04, 5.238412e-07
-2.053940e-02, 4.529303e-02, 5.249137e-04, 5.950731e-05
-1.970402e-02, 4.584319e-02, 1.932685e-04, 1.932334e-05
-1.874660e-02, 4.611164e-02, 4.366297e-04, 2.038450e-04
-1.776778e-02, 4.631191e-02, 7.834119e-04, 1.085237e-06
-1.688495e-02, 4.675895e-02, 5.616204e-04, 8.089749e-05
-1.601365e-02, 4.725486e-02, 2.010429e-04, 1.949015e-05
-1.504471e-02, 4.746766e-02, 4.004065e-04, 1.754599e-04
-1.404906e-02, 4.757739e-02, 7.733844e-04, 1.150112e-05
-1.312750e-02, 4.793120e-02, 5.972199e-04, 1.638719e-04
-1.222289e-02, 4.836785e-02, 2.132846e-04, 3.989006e-05
-1.124559e-02, 4.852622e-02, 3.655684e-04, 1.233659e-04
-1.024193e-02, 4.854690e-02, 7.589758e-04, 2.979393e-05
-9.290609e-03, 4.880296e-02, 6.311618e-04, 5.760421e-05
-8.356074e-03, 4.917520e-02, 2.298044e-04, 7.282586e-05
-7.373124e-03, 4.928016e-02, 3.326541e-04, 1.815833e-04
-6.369728e-03, 4.921430e-02, 7.404087e-04, 1.036233e-05
-5.398214e-03, 4.936929e-02, 6.629212e-04, 2.945985e-05
-4.437967e-03, 4.967196e-02, 2.503470e-04, 9.086840e-05
-3.451764e-03, 4.972425e-02, 3.021724e-04, 1.410699e-04
-2.456225e-03, 4.957520e-02, 7.179702e-04, 2.840614e-05
-1.474506e-03, 4.962710e-02, 6.920073e-04, 6.462299e-05
-4.936326e-04, 4.985526e-02, 2.745946e-04, 8.389343e-05
4.936326e-04, 4.985526e-02, 2.745946e-04, 8.326423e-05
1.474506e-03, 4.962710e-02, 6.920073e-04, 6.464786e-05
2.456225e-03, 4.957520e-02, 7.179702e-04, 2.840152e-05
3.451764e-03, 4.972425e-02, 3.021724e-04, 1.410694e-04
4.437967e-03, 4.967196e-02, 2.503470e-04, 9.086710e-05
5.398214e-03, 4.936929e-02, 6.629212e-04, 2.947613e-05
6.369728e-03, 4.921430e-02, 7.404087e-04, 1.038436e-05
7.373124e-03, 4.928016e-02, 3.326541e-04, 1.816105e-04
8.356074e-03, 4.917520e-02, 2.298044e-04, 7.273265e-05
9.290609e-03, 4.880296e-02, 6.311618e-04, 5.752245e-05
1.024193e-02, 4.854690e-02, 7.589758e-04, 2.978726e-05
1.124559e-02, 4.852622e-02, 3.655684e-04, 1.234010e-04
1.222289e-02, 4.836785e-02, 2.132846e-04, 3.992593e-05
1.312750e-02, 4.793120e-02, 5.972199e-04, 1.639341e-04
1.404906e-02, 4.757739e-02, 7.733844e-04, 1.149609e-05
1.504471e-02, 4.746766e-02, 4.004065e-04, 1.754459e-04
1.601365e-02, 4.725486e-02, 2.010429e-04, 1.949937e-05
1.688495e-02, 4.675895e-02, 5.616204e-04, 8.085295e-05
1.776778e-02, 4.631191e-02, 7.834119e-04, 1.098171e-06
1.874660e-02, 4.611164e-02, 4.366297e-04, 2.038053e-04
1.970402e-02, 4.584319e-02, 1.932685e-04, 1.927229e-05
2.053940e-02, 4.529303e-02, 5.249137e-04, 5.947308e-05
2.137532e-02, 4.475835e-02, 7.889031e-04, 5.266907e-07
2.232810e-02, 4.446718e-02, 4.736780e-04, 9.321903e-05
2.327033e-02, 4.414179e-02, 1.900816e-04, 6.224178e-06
2.406783e-02, 4.354214e-02, 4.876672e-04, 1.552691e-04
2.484960e-02, 4.292632e-02, 7.897733e-04, 1.050505e-07
2.576691e-02, 4.254510e-02, 5.109787e-04, 1.024605e-04
2.668971e-02, 4.216151e-02, 1.915316e-04, 7.785150e-07
2.744791e-02, 4.151677e-02, 4.504567e-04, 1.442728e-04
2.816931e-02, 4.082705e-02, 7.860088e-04, 2.659914e-06
2.904171e-02, 4.035789e-02, 5.479550e-04, 1.960216e-04
2.994025e-02, 3.991507e-02, 1.975960e-04, 7.168304e-06
3.065814e-02, 3.922921e-02, 4.138576e-04, 1.172676e-04
3.131406e-02, 3.847338e-02, 7.776680e-04, 8.198832e-06
3.213231e-02, 3.791966e-02, 5.840353e-04, 8.039349e-05
3.300116e-02, 3.741693e-02, 2.081810e-04, 5.034262e-05
3.367801e-02, 3.669343e-02, 3.784356e-04, 2.330371e-04
3.426451e-02, 3.587965e-02, 7.648798e-04, 8.553596e-06
3.501977e-02, 3.524602e-02, 6.186618e-04, 5.095801e-05
3.585294e-02, 3.468320e-02, 2.231230e-04, 7.434856e-05
3.648813e-02, 3.392508e-02, 3.447385e-04, 2.568780e-04
3.700242e-02, 3.306165e-02, 7.478418e-04, 4.465305e-05
3.768643e-02, 3.235394e-02, 6.512992e-04, 1.556451e-04
3.847749e-02, 3.173152e-02, 2.421910e-04, 1.289225e-04
3.907038e-02, 3.094135e-02, 3.132872e-04, 4.755201e-04
3.951078e-02, 3.003653e-02, 7.268175e-04, 3.245524e-04
4.011611e-02, 2.926167e-02, 6.814428e-04, 1.695915e-04
4.085823e-02, 2.858094e-02, 2.650901e-04, 3.623381e-05
4.140805e-02, 2.776089e-02, 2.845679e-04, 4.021837e+00
